reference_date,horizon,target,target_end_date,location,output_type,output_type_id,value
2023-10-14,1,wk inc hosp,2023-10-21,01,quantile,0.01,0
2023-10-14,1,wk inc hosp,2023-10-21,01,quantile,0.025,0
2023-10-14,1,wk inc hosp,2023-10-21,01,quantile,0.05,0
2023-10-14,1,wk inc hosp,2023-10-21,01,quantile,0.1,0
2023-10-14,1,wk inc hosp,2023-10-21,01,quantile,0.15,2.554909049090489
2023-10-14,1,wk inc hosp,2023-10-21,01,quantile,0.2,6
2023-10-14,1,wk inc hosp,2023-10-21,01,quantile,0.25,9
2023-10-14,1,wk inc hosp,2023-10-21,01,quantile,0.3,12
2023-10-14,1,wk inc hosp,2023-10-21,01,quantile,0.35,14
2023-10-14,1,wk inc hosp,2023-10-21,01,quantile,0.4,16
2023-10-14,1,wk inc hosp,2023-10-21,01,quantile,0.45,18
2023-10-14,1,wk inc hosp,2023-10-21,01,quantile,0.5,20
2023-10-14,1,wk inc hosp,2023-10-21,01,quantile,0.55,22
2023-10-14,1,wk inc hosp,2023-10-21,01,quantile,0.6,24
2023-10-14,1,wk inc hosp,2023-10-21,01,quantile,0.65,26
2023-10-14,1,wk inc hosp,2023-10-21,01,quantile,0.7,28.850295502955028
2023-10-14,1,wk inc hosp,2023-10-21,01,quantile,0.75,31.2140546405464
2023-10-14,1,wk inc hosp,2023-10-21,01,quantile,0.8,35
2023-10-14,1,wk inc hosp,2023-10-21,01,quantile,0.85,40
2023-10-14,1,wk inc hosp,2023-10-21,01,quantile,0.9,51.77258672586729
2023-10-14,1,wk inc hosp,2023-10-21,01,quantile,0.95,92.42673026730256
2023-10-14,1,wk inc hosp,2023-10-21,01,quantile,0.975,129.52672801728005
2023-10-14,1,wk inc hosp,2023-10-21,01,quantile,0.99,144.69631716317164
2023-10-14,1,wk inc hosp,2023-10-21,02,quantile,0.01,0
2023-10-14,1,wk inc hosp,2023-10-21,02,quantile,0.025,0
2023-10-14,1,wk inc hosp,2023-10-21,02,quantile,0.05,0
2023-10-14,1,wk inc hosp,2023-10-21,02,quantile,0.1,1.3596805968059704
2023-10-14,1,wk inc hosp,2023-10-21,02,quantile,0.15,4
2023-10-14,1,wk inc hosp,2023-10-21,02,quantile,0.2,5.951713517135179
2023-10-14,1,wk inc hosp,2023-10-21,02,quantile,0.25,7
2023-10-14,1,wk inc hosp,2023-10-21,02,quantile,0.3,7.4258832588325845
2023-10-14,1,wk inc hosp,2023-10-21,02,quantile,0.35,8
2023-10-14,1,wk inc hosp,2023-10-21,02,quantile,0.4,9
2023-10-14,1,wk inc hosp,2023-10-21,02,quantile,0.45,9
2023-10-14,1,wk inc hosp,2023-10-21,02,quantile,0.5,10
2023-10-14,1,wk inc hosp,2023-10-21,02,quantile,0.55,11
2023-10-14,1,wk inc hosp,2023-10-21,02,quantile,0.6,11
2023-10-14,1,wk inc hosp,2023-10-21,02,quantile,0.65,12
2023-10-14,1,wk inc hosp,2023-10-21,02,quantile,0.7,12.841807418074147
2023-10-14,1,wk inc hosp,2023-10-21,02,quantile,0.75,13
2023-10-14,1,wk inc hosp,2023-10-21,02,quantile,0.8,14.370867708677132
2023-10-14,1,wk inc hosp,2023-10-21,02,quantile,0.85,16
2023-10-14,1,wk inc hosp,2023-10-21,02,quantile,0.9,19.95060150601506
2023-10-14,1,wk inc hosp,2023-10-21,02,quantile,0.95,27.31975169751693
2023-10-14,1,wk inc hosp,2023-10-21,02,quantile,0.975,33.185073100731
2023-10-14,1,wk inc hosp,2023-10-21,02,quantile,0.99,37.36719887198871
2023-10-14,1,wk inc hosp,2023-10-21,04,quantile,0.01,0
2023-10-14,1,wk inc hosp,2023-10-21,04,quantile,0.025,0
2023-10-14,1,wk inc hosp,2023-10-21,04,quantile,0.05,0
2023-10-14,1,wk inc hosp,2023-10-21,04,quantile,0.1,0
2023-10-14,1,wk inc hosp,2023-10-21,04,quantile,0.15,0
2023-10-14,1,wk inc hosp,2023-10-21,04,quantile,0.2,0
2023-10-14,1,wk inc hosp,2023-10-21,04,quantile,0.25,0.20491204912048744
2023-10-14,1,wk inc hosp,2023-10-21,04,quantile,0.3,4
2023-10-14,1,wk inc hosp,2023-10-21,04,quantile,0.35,7
2023-10-14,1,wk inc hosp,2023-10-21,04,quantile,0.4,10
2023-10-14,1,wk inc hosp,2023-10-21,04,quantile,0.45,13.066052160521615
2023-10-14,1,wk inc hosp,2023-10-21,04,quantile,0.5,16
2023-10-14,1,wk inc hosp,2023-10-21,04,quantile,0.55,19
2023-10-14,1,wk inc hosp,2023-10-21,04,quantile,0.6,22
2023-10-14,1,wk inc hosp,2023-10-21,04,quantile,0.65,25.78067630676309
2023-10-14,1,wk inc hosp,2023-10-21,04,quantile,0.7,30
2023-10-14,1,wk inc hosp,2023-10-21,04,quantile,0.75,35.238219882198806
2023-10-14,1,wk inc hosp,2023-10-21,04,quantile,0.8,43
2023-10-14,1,wk inc hosp,2023-10-21,04,quantile,0.85,55.26548315483149
2023-10-14,1,wk inc hosp,2023-10-21,04,quantile,0.9,77.57322873228728
2023-10-14,1,wk inc hosp,2023-10-21,04,quantile,0.95,190.07753077530703
2023-10-14,1,wk inc hosp,2023-10-21,04,quantile,0.975,243.41945444454367
2023-10-14,1,wk inc hosp,2023-10-21,04,quantile,0.99,280.38213812138116
2023-10-14,1,wk inc hosp,2023-10-21,05,quantile,0.01,0
2023-10-14,1,wk inc hosp,2023-10-21,05,quantile,0.025,0
2023-10-14,1,wk inc hosp,2023-10-21,05,quantile,0.05,0
2023-10-14,1,wk inc hosp,2023-10-21,05,quantile,0.1,0
2023-10-14,1,wk inc hosp,2023-10-21,05,quantile,0.15,1
2023-10-14,1,wk inc hosp,2023-10-21,05,quantile,0.2,4
2023-10-14,1,wk inc hosp,2023-10-21,05,quantile,0.25,7
2023-10-14,1,wk inc hosp,2023-10-21,05,quantile,0.3,9.905299052990532
2023-10-14,1,wk inc hosp,2023-10-21,05,quantile,0.35,12
2023-10-14,1,wk inc hosp,2023-10-21,05,quantile,0.4,14
2023-10-14,1,wk inc hosp,2023-10-21,05,quantile,0.45,15.286359363593625
2023-10-14,1,wk inc hosp,2023-10-21,05,quantile,0.5,17
2023-10-14,1,wk inc hosp,2023-10-21,05,quantile,0.55,19
2023-10-14,1,wk inc hosp,2023-10-21,05,quantile,0.6,21
2023-10-14,1,wk inc hosp,2023-10-21,05,quantile,0.65,23
2023-10-14,1,wk inc hosp,2023-10-21,05,quantile,0.7,25
2023-10-14,1,wk inc hosp,2023-10-21,05,quantile,0.75,28
2023-10-14,1,wk inc hosp,2023-10-21,05,quantile,0.8,31.448152481524826
2023-10-14,1,wk inc hosp,2023-10-21,05,quantile,0.85,37.48459634596343
2023-10-14,1,wk inc hosp,2023-10-21,05,quantile,0.9,51.76385363853652
2023-10-14,1,wk inc hosp,2023-10-21,05,quantile,0.95,75.38570985709849
2023-10-14,1,wk inc hosp,2023-10-21,05,quantile,0.975,101.47595000949994
2023-10-14,1,wk inc hosp,2023-10-21,05,quantile,0.99,145.4001001010008
2023-10-14,1,wk inc hosp,2023-10-21,06,quantile,0.01,0
2023-10-14,1,wk inc hosp,2023-10-21,06,quantile,0.025,0
2023-10-14,1,wk inc hosp,2023-10-21,06,quantile,0.05,0
2023-10-14,1,wk inc hosp,2023-10-21,06,quantile,0.1,0
2023-10-14,1,wk inc hosp,2023-10-21,06,quantile,0.15,0
2023-10-14,1,wk inc hosp,2023-10-21,06,quantile,0.2,7.820968209682086
2023-10-14,1,wk inc hosp,2023-10-21,06,quantile,0.25,16.33769087690876
2023-10-14,1,wk inc hosp,2023-10-21,06,quantile,0.3,23.757460574605727
2023-10-14,1,wk inc hosp,2023-10-21,06,quantile,0.35,29.97724177241767
2023-10-14,1,wk inc hosp,2023-10-21,06,quantile,0.4,35.482282822828225
2023-10-14,1,wk inc hosp,2023-10-21,06,quantile,0.45,40.53718587185871
2023-10-14,1,wk inc hosp,2023-10-21,06,quantile,0.5,45
2023-10-14,1,wk inc hosp,2023-10-21,06,quantile,0.55,50.146865468654696
2023-10-14,1,wk inc hosp,2023-10-21,06,quantile,0.6,55.56646966469664
2023-10-14,1,wk inc hosp,2023-10-21,06,quantile,0.65,61.19727147271472
2023-10-14,1,wk inc hosp,2023-10-21,06,quantile,0.7,68.12487924879247
2023-10-14,1,wk inc hosp,2023-10-21,06,quantile,0.75,77.56091060910607
2023-10-14,1,wk inc hosp,2023-10-21,06,quantile,0.8,91.89881098810991
2023-10-14,1,wk inc hosp,2023-10-21,06,quantile,0.85,116.41807268072674
2023-10-14,1,wk inc hosp,2023-10-21,06,quantile,0.9,211.37668276682803
2023-10-14,1,wk inc hosp,2023-10-21,06,quantile,0.95,558.7379218792187
2023-10-14,1,wk inc hosp,2023-10-21,06,quantile,0.975,755.2873263732633
2023-10-14,1,wk inc hosp,2023-10-21,06,quantile,0.99,883.4337210372039
2023-10-14,1,wk inc hosp,2023-10-21,08,quantile,0.01,0
2023-10-14,1,wk inc hosp,2023-10-21,08,quantile,0.025,0
2023-10-14,1,wk inc hosp,2023-10-21,08,quantile,0.05,0
2023-10-14,1,wk inc hosp,2023-10-21,08,quantile,0.1,0
2023-10-14,1,wk inc hosp,2023-10-21,08,quantile,0.15,0
2023-10-14,1,wk inc hosp,2023-10-21,08,quantile,0.2,0
2023-10-14,1,wk inc hosp,2023-10-21,08,quantile,0.25,0
2023-10-14,1,wk inc hosp,2023-10-21,08,quantile,0.3,1.827242272422719
2023-10-14,1,wk inc hosp,2023-10-21,08,quantile,0.35,4
2023-10-14,1,wk inc hosp,2023-10-21,08,quantile,0.4,6
2023-10-14,1,wk inc hosp,2023-10-21,08,quantile,0.45,8
2023-10-14,1,wk inc hosp,2023-10-21,08,quantile,0.5,10
2023-10-14,1,wk inc hosp,2023-10-21,08,quantile,0.55,11.52024820248203
2023-10-14,1,wk inc hosp,2023-10-21,08,quantile,0.6,14
2023-10-14,1,wk inc hosp,2023-10-21,08,quantile,0.65,16.010188101881024
2023-10-14,1,wk inc hosp,2023-10-21,08,quantile,0.7,19.326276262762605
2023-10-14,1,wk inc hosp,2023-10-21,08,quantile,0.75,23.352353523535236
2023-10-14,1,wk inc hosp,2023-10-21,08,quantile,0.8,28.62823828238286
2023-10-14,1,wk inc hosp,2023-10-21,08,quantile,0.85,38.06894568945686
2023-10-14,1,wk inc hosp,2023-10-21,08,quantile,0.9,52
2023-10-14,1,wk inc hosp,2023-10-21,08,quantile,0.95,76.94371543715405
2023-10-14,1,wk inc hosp,2023-10-21,08,quantile,0.975,97.26749417494189
2023-10-14,1,wk inc hosp,2023-10-21,08,quantile,0.99,120.98566005660038
2023-10-14,1,wk inc hosp,2023-10-21,09,quantile,0.01,0
2023-10-14,1,wk inc hosp,2023-10-21,09,quantile,0.025,0
2023-10-14,1,wk inc hosp,2023-10-21,09,quantile,0.05,0
2023-10-14,1,wk inc hosp,2023-10-21,09,quantile,0.1,0
2023-10-14,1,wk inc hosp,2023-10-21,09,quantile,0.15,0
2023-10-14,1,wk inc hosp,2023-10-21,09,quantile,0.2,0
2023-10-14,1,wk inc hosp,2023-10-21,09,quantile,0.25,0
2023-10-14,1,wk inc hosp,2023-10-21,09,quantile,0.3,0
2023-10-14,1,wk inc hosp,2023-10-21,09,quantile,0.35,0.7658976589765849
2023-10-14,1,wk inc hosp,2023-10-21,09,quantile,0.4,2
2023-10-14,1,wk inc hosp,2023-10-21,09,quantile,0.45,2.907042570425717
2023-10-14,1,wk inc hosp,2023-10-21,09,quantile,0.5,4
2023-10-14,1,wk inc hosp,2023-10-21,09,quantile,0.55,5
2023-10-14,1,wk inc hosp,2023-10-21,09,quantile,0.6,6
2023-10-14,1,wk inc hosp,2023-10-21,09,quantile,0.65,7.298353483534833
2023-10-14,1,wk inc hosp,2023-10-21,09,quantile,0.7,9
2023-10-14,1,wk inc hosp,2023-10-21,09,quantile,0.75,11
2023-10-14,1,wk inc hosp,2023-10-21,09,quantile,0.8,14
2023-10-14,1,wk inc hosp,2023-10-21,09,quantile,0.85,19.542847928479297
2023-10-14,1,wk inc hosp,2023-10-21,09,quantile,0.9,29.360171601716033
2023-10-14,1,wk inc hosp,2023-10-21,09,quantile,0.95,58.625496254962336
2023-10-14,1,wk inc hosp,2023-10-21,09,quantile,0.975,91.22451299512993
2023-10-14,1,wk inc hosp,2023-10-21,09,quantile,0.99,136.83152911529007
2023-10-14,1,wk inc hosp,2023-10-21,10,quantile,0.01,0
2023-10-14,1,wk inc hosp,2023-10-21,10,quantile,0.025,0
2023-10-14,1,wk inc hosp,2023-10-21,10,quantile,0.05,0
2023-10-14,1,wk inc hosp,2023-10-21,10,quantile,0.1,0
2023-10-14,1,wk inc hosp,2023-10-21,10,quantile,0.15,0
2023-10-14,1,wk inc hosp,2023-10-21,10,quantile,0.2,0
2023-10-14,1,wk inc hosp,2023-10-21,10,quantile,0.25,0
2023-10-14,1,wk inc hosp,2023-10-21,10,quantile,0.3,0
2023-10-14,1,wk inc hosp,2023-10-21,10,quantile,0.35,1
2023-10-14,1,wk inc hosp,2023-10-21,10,quantile,0.4,1
2023-10-14,1,wk inc hosp,2023-10-21,10,quantile,0.45,2
2023-10-14,1,wk inc hosp,2023-10-21,10,quantile,0.5,2
2023-10-14,1,wk inc hosp,2023-10-21,10,quantile,0.55,3
2023-10-14,1,wk inc hosp,2023-10-21,10,quantile,0.6,3
2023-10-14,1,wk inc hosp,2023-10-21,10,quantile,0.65,4
2023-10-14,1,wk inc hosp,2023-10-21,10,quantile,0.7,4
2023-10-14,1,wk inc hosp,2023-10-21,10,quantile,0.75,5
2023-10-14,1,wk inc hosp,2023-10-21,10,quantile,0.8,6.258716587165888
2023-10-14,1,wk inc hosp,2023-10-21,10,quantile,0.85,8
2023-10-14,1,wk inc hosp,2023-10-21,10,quantile,0.9,11
2023-10-14,1,wk inc hosp,2023-10-21,10,quantile,0.95,25.801901019010117
2023-10-14,1,wk inc hosp,2023-10-21,10,quantile,0.975,39.84953124531242
2023-10-14,1,wk inc hosp,2023-10-21,10,quantile,0.99,50.419246692466935
2023-10-14,1,wk inc hosp,2023-10-21,11,quantile,0.01,0
2023-10-14,1,wk inc hosp,2023-10-21,11,quantile,0.025,0
2023-10-14,1,wk inc hosp,2023-10-21,11,quantile,0.05,0
2023-10-14,1,wk inc hosp,2023-10-21,11,quantile,0.1,0
2023-10-14,1,wk inc hosp,2023-10-21,11,quantile,0.15,0
2023-10-14,1,wk inc hosp,2023-10-21,11,quantile,0.2,0
2023-10-14,1,wk inc hosp,2023-10-21,11,quantile,0.25,0
2023-10-14,1,wk inc hosp,2023-10-21,11,quantile,0.3,1
2023-10-14,1,wk inc hosp,2023-10-21,11,quantile,0.35,1
2023-10-14,1,wk inc hosp,2023-10-21,11,quantile,0.4,1
2023-10-14,1,wk inc hosp,2023-10-21,11,quantile,0.45,2
2023-10-14,1,wk inc hosp,2023-10-21,11,quantile,0.5,2
2023-10-14,1,wk inc hosp,2023-10-21,11,quantile,0.55,2
2023-10-14,1,wk inc hosp,2023-10-21,11,quantile,0.6,3
2023-10-14,1,wk inc hosp,2023-10-21,11,quantile,0.65,3
2023-10-14,1,wk inc hosp,2023-10-21,11,quantile,0.7,4
2023-10-14,1,wk inc hosp,2023-10-21,11,quantile,0.75,4
2023-10-14,1,wk inc hosp,2023-10-21,11,quantile,0.8,5
2023-10-14,1,wk inc hosp,2023-10-21,11,quantile,0.85,6
2023-10-14,1,wk inc hosp,2023-10-21,11,quantile,0.9,9
2023-10-14,1,wk inc hosp,2023-10-21,11,quantile,0.95,14.733543835438397
2023-10-14,1,wk inc hosp,2023-10-21,11,quantile,0.975,21.348101731017238
2023-10-14,1,wk inc hosp,2023-10-21,11,quantile,0.99,24.41176501765015
2023-10-14,1,wk inc hosp,2023-10-21,12,quantile,0.01,0
2023-10-14,1,wk inc hosp,2023-10-21,12,quantile,0.025,22.268567185671927
2023-10-14,1,wk inc hosp,2023-10-21,12,quantile,0.05,55.9648271482715
2023-10-14,1,wk inc hosp,2023-10-21,12,quantile,0.1,102.68838788387885
2023-10-14,1,wk inc hosp,2023-10-21,12,quantile,0.15,142.47684626846265
2023-10-14,1,wk inc hosp,2023-10-21,12,quantile,0.2,168.55576755767555
2023-10-14,1,wk inc hosp,2023-10-21,12,quantile,0.25,184.2823078230782
2023-10-14,1,wk inc hosp,2023-10-21,12,quantile,0.3,198.02559025590253
2023-10-14,1,wk inc hosp,2023-10-21,12,quantile,0.35,208.74109491094913
2023-10-14,1,wk inc hosp,2023-10-21,12,quantile,0.4,216.8529805298053
2023-10-14,1,wk inc hosp,2023-10-21,12,quantile,0.45,223.8867293672937
2023-10-14,1,wk inc hosp,2023-10-21,12,quantile,0.5,230
2023-10-14,1,wk inc hosp,2023-10-21,12,quantile,0.55,236.39656996569965
2023-10-14,1,wk inc hosp,2023-10-21,12,quantile,0.6,243.21136411364114
2023-10-14,1,wk inc hosp,2023-10-21,12,quantile,0.65,251.2939214392144
2023-10-14,1,wk inc hosp,2023-10-21,12,quantile,0.7,261.5225522255222
2023-10-14,1,wk inc hosp,2023-10-21,12,quantile,0.75,275.05295552955533
2023-10-14,1,wk inc hosp,2023-10-21,12,quantile,0.8,291.3425834258342
2023-10-14,1,wk inc hosp,2023-10-21,12,quantile,0.85,317.3469589695895
2023-10-14,1,wk inc hosp,2023-10-21,12,quantile,0.9,357.16556465564656
2023-10-14,1,wk inc hosp,2023-10-21,12,quantile,0.95,404.6089660896608
2023-10-14,1,wk inc hosp,2023-10-21,12,quantile,0.975,443.20799707997065
2023-10-14,1,wk inc hosp,2023-10-21,12,quantile,0.99,541.8933705337014
2023-10-14,1,wk inc hosp,2023-10-21,13,quantile,0.01,0
2023-10-14,1,wk inc hosp,2023-10-21,13,quantile,0.025,0
2023-10-14,1,wk inc hosp,2023-10-21,13,quantile,0.05,0
2023-10-14,1,wk inc hosp,2023-10-21,13,quantile,0.1,7
2023-10-14,1,wk inc hosp,2023-10-21,13,quantile,0.15,13
2023-10-14,1,wk inc hosp,2023-10-21,13,quantile,0.2,17.143397433974343
2023-10-14,1,wk inc hosp,2023-10-21,13,quantile,0.25,21
2023-10-14,1,wk inc hosp,2023-10-21,13,quantile,0.3,24
2023-10-14,1,wk inc hosp,2023-10-21,13,quantile,0.35,27
2023-10-14,1,wk inc hosp,2023-10-21,13,quantile,0.4,30
2023-10-14,1,wk inc hosp,2023-10-21,13,quantile,0.45,32.82193721937219
2023-10-14,1,wk inc hosp,2023-10-21,13,quantile,0.5,35
2023-10-14,1,wk inc hosp,2023-10-21,13,quantile,0.55,37.33244682446824
2023-10-14,1,wk inc hosp,2023-10-21,13,quantile,0.6,40
2023-10-14,1,wk inc hosp,2023-10-21,13,quantile,0.65,43
2023-10-14,1,wk inc hosp,2023-10-21,13,quantile,0.7,46
2023-10-14,1,wk inc hosp,2023-10-21,13,quantile,0.75,49
2023-10-14,1,wk inc hosp,2023-10-21,13,quantile,0.8,53
2023-10-14,1,wk inc hosp,2023-10-21,13,quantile,0.85,57.436064860648614
2023-10-14,1,wk inc hosp,2023-10-21,13,quantile,0.9,64
2023-10-14,1,wk inc hosp,2023-10-21,13,quantile,0.95,77.41256912569118
2023-10-14,1,wk inc hosp,2023-10-21,13,quantile,0.975,96.72084070840702
2023-10-14,1,wk inc hosp,2023-10-21,13,quantile,0.99,117.3417496174962
2023-10-14,1,wk inc hosp,2023-10-21,15,quantile,0.01,0
2023-10-14,1,wk inc hosp,2023-10-21,15,quantile,0.025,0
2023-10-14,1,wk inc hosp,2023-10-21,15,quantile,0.05,2
2023-10-14,1,wk inc hosp,2023-10-21,15,quantile,0.1,4.800181001810021
2023-10-14,1,wk inc hosp,2023-10-21,15,quantile,0.15,6
2023-10-14,1,wk inc hosp,2023-10-21,15,quantile,0.2,7
2023-10-14,1,wk inc hosp,2023-10-21,15,quantile,0.25,8
2023-10-14,1,wk inc hosp,2023-10-21,15,quantile,0.3,8
2023-10-14,1,wk inc hosp,2023-10-21,15,quantile,0.35,9
2023-10-14,1,wk inc hosp,2023-10-21,15,quantile,0.4,9
2023-10-14,1,wk inc hosp,2023-10-21,15,quantile,0.45,10
2023-10-14,1,wk inc hosp,2023-10-21,15,quantile,0.5,10
2023-10-14,1,wk inc hosp,2023-10-21,15,quantile,0.55,10
2023-10-14,1,wk inc hosp,2023-10-21,15,quantile,0.6,11
2023-10-14,1,wk inc hosp,2023-10-21,15,quantile,0.65,11
2023-10-14,1,wk inc hosp,2023-10-21,15,quantile,0.7,12
2023-10-14,1,wk inc hosp,2023-10-21,15,quantile,0.75,12
2023-10-14,1,wk inc hosp,2023-10-21,15,quantile,0.8,13
2023-10-14,1,wk inc hosp,2023-10-21,15,quantile,0.85,14
2023-10-14,1,wk inc hosp,2023-10-21,15,quantile,0.9,15.35854158541586
2023-10-14,1,wk inc hosp,2023-10-21,15,quantile,0.95,18
2023-10-14,1,wk inc hosp,2023-10-21,15,quantile,0.975,22
2023-10-14,1,wk inc hosp,2023-10-21,15,quantile,0.99,26.621093510935044
2023-10-14,1,wk inc hosp,2023-10-21,16,quantile,0.01,0
2023-10-14,1,wk inc hosp,2023-10-21,16,quantile,0.025,0
2023-10-14,1,wk inc hosp,2023-10-21,16,quantile,0.05,0
2023-10-14,1,wk inc hosp,2023-10-21,16,quantile,0.1,0
2023-10-14,1,wk inc hosp,2023-10-21,16,quantile,0.15,0
2023-10-14,1,wk inc hosp,2023-10-21,16,quantile,0.2,0
2023-10-14,1,wk inc hosp,2023-10-21,16,quantile,0.25,1
2023-10-14,1,wk inc hosp,2023-10-21,16,quantile,0.3,2
2023-10-14,1,wk inc hosp,2023-10-21,16,quantile,0.35,2
2023-10-14,1,wk inc hosp,2023-10-21,16,quantile,0.4,3
2023-10-14,1,wk inc hosp,2023-10-21,16,quantile,0.45,3.8026230262302567
2023-10-14,1,wk inc hosp,2023-10-21,16,quantile,0.5,4
2023-10-14,1,wk inc hosp,2023-10-21,16,quantile,0.55,5
2023-10-14,1,wk inc hosp,2023-10-21,16,quantile,0.6,5
2023-10-14,1,wk inc hosp,2023-10-21,16,quantile,0.65,6
2023-10-14,1,wk inc hosp,2023-10-21,16,quantile,0.7,7
2023-10-14,1,wk inc hosp,2023-10-21,16,quantile,0.75,8
2023-10-14,1,wk inc hosp,2023-10-21,16,quantile,0.8,9.729139291392936
2023-10-14,1,wk inc hosp,2023-10-21,16,quantile,0.85,12.118207682076774
2023-10-14,1,wk inc hosp,2023-10-21,16,quantile,0.9,18.119851198512
2023-10-14,1,wk inc hosp,2023-10-21,16,quantile,0.95,58.58133231332305
2023-10-14,1,wk inc hosp,2023-10-21,16,quantile,0.975,86.95732957329577
2023-10-14,1,wk inc hosp,2023-10-21,16,quantile,0.99,103.57140821408225
2023-10-14,1,wk inc hosp,2023-10-21,17,quantile,0.01,0
2023-10-14,1,wk inc hosp,2023-10-21,17,quantile,0.025,0
2023-10-14,1,wk inc hosp,2023-10-21,17,quantile,0.05,0
2023-10-14,1,wk inc hosp,2023-10-21,17,quantile,0.1,0
2023-10-14,1,wk inc hosp,2023-10-21,17,quantile,0.15,0
2023-10-14,1,wk inc hosp,2023-10-21,17,quantile,0.2,3
2023-10-14,1,wk inc hosp,2023-10-21,17,quantile,0.25,7.405806558065581
2023-10-14,1,wk inc hosp,2023-10-21,17,quantile,0.3,11
2023-10-14,1,wk inc hosp,2023-10-21,17,quantile,0.35,14
2023-10-14,1,wk inc hosp,2023-10-21,17,quantile,0.4,17
2023-10-14,1,wk inc hosp,2023-10-21,17,quantile,0.45,19
2023-10-14,1,wk inc hosp,2023-10-21,17,quantile,0.5,21
2023-10-14,1,wk inc hosp,2023-10-21,17,quantile,0.55,23.210812108121083
2023-10-14,1,wk inc hosp,2023-10-21,17,quantile,0.6,26
2023-10-14,1,wk inc hosp,2023-10-21,17,quantile,0.65,28.552240022400227
2023-10-14,1,wk inc hosp,2023-10-21,17,quantile,0.7,32
2023-10-14,1,wk inc hosp,2023-10-21,17,quantile,0.75,36.74475744757448
2023-10-14,1,wk inc hosp,2023-10-21,17,quantile,0.8,43
2023-10-14,1,wk inc hosp,2023-10-21,17,quantile,0.85,54.36033560335599
2023-10-14,1,wk inc hosp,2023-10-21,17,quantile,0.9,93.45311853118588
2023-10-14,1,wk inc hosp,2023-10-21,17,quantile,0.95,178.16026710267076
2023-10-14,1,wk inc hosp,2023-10-21,17,quantile,0.975,275.643187431874
2023-10-14,1,wk inc hosp,2023-10-21,17,quantile,0.99,333.8634759347609
2023-10-14,1,wk inc hosp,2023-10-21,18,quantile,0.01,0
2023-10-14,1,wk inc hosp,2023-10-21,18,quantile,0.025,0
2023-10-14,1,wk inc hosp,2023-10-21,18,quantile,0.05,0
2023-10-14,1,wk inc hosp,2023-10-21,18,quantile,0.1,0
2023-10-14,1,wk inc hosp,2023-10-21,18,quantile,0.15,0
2023-10-14,1,wk inc hosp,2023-10-21,18,quantile,0.2,0
2023-10-14,1,wk inc hosp,2023-10-21,18,quantile,0.25,0
2023-10-14,1,wk inc hosp,2023-10-21,18,quantile,0.3,0
2023-10-14,1,wk inc hosp,2023-10-21,18,quantile,0.35,2
2023-10-14,1,wk inc hosp,2023-10-21,18,quantile,0.4,4
2023-10-14,1,wk inc hosp,2023-10-21,18,quantile,0.45,6
2023-10-14,1,wk inc hosp,2023-10-21,18,quantile,0.5,8
2023-10-14,1,wk inc hosp,2023-10-21,18,quantile,0.55,10
2023-10-14,1,wk inc hosp,2023-10-21,18,quantile,0.6,12.863844638446356
2023-10-14,1,wk inc hosp,2023-10-21,18,quantile,0.65,15
2023-10-14,1,wk inc hosp,2023-10-21,18,quantile,0.7,18
2023-10-14,1,wk inc hosp,2023-10-21,18,quantile,0.75,22
2023-10-14,1,wk inc hosp,2023-10-21,18,quantile,0.8,27.319453194531977
2023-10-14,1,wk inc hosp,2023-10-21,18,quantile,0.85,36.26266712667122
2023-10-14,1,wk inc hosp,2023-10-21,18,quantile,0.9,56.81751117511169
2023-10-14,1,wk inc hosp,2023-10-21,18,quantile,0.95,118.8767437674359
2023-10-14,1,wk inc hosp,2023-10-21,18,quantile,0.975,206.3208339583397
2023-10-14,1,wk inc hosp,2023-10-21,18,quantile,0.99,254.88944029440248
2023-10-14,1,wk inc hosp,2023-10-21,19,quantile,0.01,0
2023-10-14,1,wk inc hosp,2023-10-21,19,quantile,0.025,0
2023-10-14,1,wk inc hosp,2023-10-21,19,quantile,0.05,0
2023-10-14,1,wk inc hosp,2023-10-21,19,quantile,0.1,0
2023-10-14,1,wk inc hosp,2023-10-21,19,quantile,0.15,0
2023-10-14,1,wk inc hosp,2023-10-21,19,quantile,0.2,0
2023-10-14,1,wk inc hosp,2023-10-21,19,quantile,0.25,0
2023-10-14,1,wk inc hosp,2023-10-21,19,quantile,0.3,0
2023-10-14,1,wk inc hosp,2023-10-21,19,quantile,0.35,1
2023-10-14,1,wk inc hosp,2023-10-21,19,quantile,0.4,2
2023-10-14,1,wk inc hosp,2023-10-21,19,quantile,0.45,3
2023-10-14,1,wk inc hosp,2023-10-21,19,quantile,0.5,3
2023-10-14,1,wk inc hosp,2023-10-21,19,quantile,0.55,4
2023-10-14,1,wk inc hosp,2023-10-21,19,quantile,0.6,5
2023-10-14,1,wk inc hosp,2023-10-21,19,quantile,0.65,6
2023-10-14,1,wk inc hosp,2023-10-21,19,quantile,0.7,7
2023-10-14,1,wk inc hosp,2023-10-21,19,quantile,0.75,8
2023-10-14,1,wk inc hosp,2023-10-21,19,quantile,0.8,9.877098770987716
2023-10-14,1,wk inc hosp,2023-10-21,19,quantile,0.85,12
2023-10-14,1,wk inc hosp,2023-10-21,19,quantile,0.9,19
2023-10-14,1,wk inc hosp,2023-10-21,19,quantile,0.95,57.402217022169786
2023-10-14,1,wk inc hosp,2023-10-21,19,quantile,0.975,103.48683636836408
2023-10-14,1,wk inc hosp,2023-10-21,19,quantile,0.99,112.70627336273358
2023-10-14,1,wk inc hosp,2023-10-21,20,quantile,0.01,0
2023-10-14,1,wk inc hosp,2023-10-21,20,quantile,0.025,0
2023-10-14,1,wk inc hosp,2023-10-21,20,quantile,0.05,0
2023-10-14,1,wk inc hosp,2023-10-21,20,quantile,0.1,0
2023-10-14,1,wk inc hosp,2023-10-21,20,quantile,0.15,2.15347603476034
2023-10-14,1,wk inc hosp,2023-10-21,20,quantile,0.2,5.390869908699096
2023-10-14,1,wk inc hosp,2023-10-21,20,quantile,0.25,8
2023-10-14,1,wk inc hosp,2023-10-21,20,quantile,0.3,10
2023-10-14,1,wk inc hosp,2023-10-21,20,quantile,0.35,11.988159881598818
2023-10-14,1,wk inc hosp,2023-10-21,20,quantile,0.4,13
2023-10-14,1,wk inc hosp,2023-10-21,20,quantile,0.45,14
2023-10-14,1,wk inc hosp,2023-10-21,20,quantile,0.5,15
2023-10-14,1,wk inc hosp,2023-10-21,20,quantile,0.55,16
2023-10-14,1,wk inc hosp,2023-10-21,20,quantile,0.6,17
2023-10-14,1,wk inc hosp,2023-10-21,20,quantile,0.65,18.48316233162331
2023-10-14,1,wk inc hosp,2023-10-21,20,quantile,0.7,20
2023-10-14,1,wk inc hosp,2023-10-21,20,quantile,0.75,22
2023-10-14,1,wk inc hosp,2023-10-21,20,quantile,0.8,25
2023-10-14,1,wk inc hosp,2023-10-21,20,quantile,0.85,28.448870988709878
2023-10-14,1,wk inc hosp,2023-10-21,20,quantile,0.9,33
2023-10-14,1,wk inc hosp,2023-10-21,20,quantile,0.95,56.57659376593761
2023-10-14,1,wk inc hosp,2023-10-21,20,quantile,0.975,82.16764867648698
2023-10-14,1,wk inc hosp,2023-10-21,20,quantile,0.99,112.99616976169808
2023-10-14,1,wk inc hosp,2023-10-21,21,quantile,0.01,0
2023-10-14,1,wk inc hosp,2023-10-21,21,quantile,0.025,0
2023-10-14,1,wk inc hosp,2023-10-21,21,quantile,0.05,0
2023-10-14,1,wk inc hosp,2023-10-21,21,quantile,0.1,0
2023-10-14,1,wk inc hosp,2023-10-21,21,quantile,0.15,0
2023-10-14,1,wk inc hosp,2023-10-21,21,quantile,0.2,0
2023-10-14,1,wk inc hosp,2023-10-21,21,quantile,0.25,2.4631121311213118
2023-10-14,1,wk inc hosp,2023-10-21,21,quantile,0.3,5
2023-10-14,1,wk inc hosp,2023-10-21,21,quantile,0.35,7
2023-10-14,1,wk inc hosp,2023-10-21,21,quantile,0.4,9
2023-10-14,1,wk inc hosp,2023-10-21,21,quantile,0.45,10.915435654356553
2023-10-14,1,wk inc hosp,2023-10-21,21,quantile,0.5,12
2023-10-14,1,wk inc hosp,2023-10-21,21,quantile,0.55,14
2023-10-14,1,wk inc hosp,2023-10-21,21,quantile,0.6,16
2023-10-14,1,wk inc hosp,2023-10-21,21,quantile,0.65,18
2023-10-14,1,wk inc hosp,2023-10-21,21,quantile,0.7,20.66965469654693
2023-10-14,1,wk inc hosp,2023-10-21,21,quantile,0.75,24
2023-10-14,1,wk inc hosp,2023-10-21,21,quantile,0.8,28
2023-10-14,1,wk inc hosp,2023-10-21,21,quantile,0.85,36.380014800147904
2023-10-14,1,wk inc hosp,2023-10-21,21,quantile,0.9,63.34842848428472
2023-10-14,1,wk inc hosp,2023-10-21,21,quantile,0.95,127.81601516015105
2023-10-14,1,wk inc hosp,2023-10-21,21,quantile,0.975,211.3030740307397
2023-10-14,1,wk inc hosp,2023-10-21,21,quantile,0.99,291.4464815648155
2023-10-14,1,wk inc hosp,2023-10-21,22,quantile,0.01,0
2023-10-14,1,wk inc hosp,2023-10-21,22,quantile,0.025,0
2023-10-14,1,wk inc hosp,2023-10-21,22,quantile,0.05,0
2023-10-14,1,wk inc hosp,2023-10-21,22,quantile,0.1,0
2023-10-14,1,wk inc hosp,2023-10-21,22,quantile,0.15,3
2023-10-14,1,wk inc hosp,2023-10-21,22,quantile,0.2,6.146085460854617
2023-10-14,1,wk inc hosp,2023-10-21,22,quantile,0.25,9.437289372893726
2023-10-14,1,wk inc hosp,2023-10-21,22,quantile,0.3,12
2023-10-14,1,wk inc hosp,2023-10-21,22,quantile,0.35,14
2023-10-14,1,wk inc hosp,2023-10-21,22,quantile,0.4,16
2023-10-14,1,wk inc hosp,2023-10-21,22,quantile,0.45,17.352009020090208
2023-10-14,1,wk inc hosp,2023-10-21,22,quantile,0.5,19
2023-10-14,1,wk inc hosp,2023-10-21,22,quantile,0.55,21
2023-10-14,1,wk inc hosp,2023-10-21,22,quantile,0.6,22.280222802228018
2023-10-14,1,wk inc hosp,2023-10-21,22,quantile,0.65,24.516206662066637
2023-10-14,1,wk inc hosp,2023-10-21,22,quantile,0.7,26.79085790857906
2023-10-14,1,wk inc hosp,2023-10-21,22,quantile,0.75,29
2023-10-14,1,wk inc hosp,2023-10-21,22,quantile,0.8,32.369311693117
2023-10-14,1,wk inc hosp,2023-10-21,22,quantile,0.85,36.27058570585705
2023-10-14,1,wk inc hosp,2023-10-21,22,quantile,0.9,43.64961949619499
2023-10-14,1,wk inc hosp,2023-10-21,22,quantile,0.95,62.42159521595212
2023-10-14,1,wk inc hosp,2023-10-21,22,quantile,0.975,96.89983799837971
2023-10-14,1,wk inc hosp,2023-10-21,22,quantile,0.99,116.2187243872439
2023-10-14,1,wk inc hosp,2023-10-21,23,quantile,0.01,0
2023-10-14,1,wk inc hosp,2023-10-21,23,quantile,0.025,0
2023-10-14,1,wk inc hosp,2023-10-21,23,quantile,0.05,0
2023-10-14,1,wk inc hosp,2023-10-21,23,quantile,0.1,0
2023-10-14,1,wk inc hosp,2023-10-21,23,quantile,0.15,0
2023-10-14,1,wk inc hosp,2023-10-21,23,quantile,0.2,1
2023-10-14,1,wk inc hosp,2023-10-21,23,quantile,0.25,2
2023-10-14,1,wk inc hosp,2023-10-21,23,quantile,0.3,2
2023-10-14,1,wk inc hosp,2023-10-21,23,quantile,0.35,3
2023-10-14,1,wk inc hosp,2023-10-21,23,quantile,0.4,4
2023-10-14,1,wk inc hosp,2023-10-21,23,quantile,0.45,4.110169601696012
2023-10-14,1,wk inc hosp,2023-10-21,23,quantile,0.5,5
2023-10-14,1,wk inc hosp,2023-10-21,23,quantile,0.55,6
2023-10-14,1,wk inc hosp,2023-10-21,23,quantile,0.6,6
2023-10-14,1,wk inc hosp,2023-10-21,23,quantile,0.65,7
2023-10-14,1,wk inc hosp,2023-10-21,23,quantile,0.7,8
2023-10-14,1,wk inc hosp,2023-10-21,23,quantile,0.75,9
2023-10-14,1,wk inc hosp,2023-10-21,23,quantile,0.8,10
2023-10-14,1,wk inc hosp,2023-10-21,23,quantile,0.85,13
2023-10-14,1,wk inc hosp,2023-10-21,23,quantile,0.9,23.465662656626602
2023-10-14,1,wk inc hosp,2023-10-21,23,quantile,0.95,34.08208282082811
2023-10-14,1,wk inc hosp,2023-10-21,23,quantile,0.975,68.61913569135689
2023-10-14,1,wk inc hosp,2023-10-21,23,quantile,0.99,73.19015190151902
2023-10-14,1,wk inc hosp,2023-10-21,24,quantile,0.01,0
2023-10-14,1,wk inc hosp,2023-10-21,24,quantile,0.025,0
2023-10-14,1,wk inc hosp,2023-10-21,24,quantile,0.05,0
2023-10-14,1,wk inc hosp,2023-10-21,24,quantile,0.1,0
2023-10-14,1,wk inc hosp,2023-10-21,24,quantile,0.15,0
2023-10-14,1,wk inc hosp,2023-10-21,24,quantile,0.2,0
2023-10-14,1,wk inc hosp,2023-10-21,24,quantile,0.25,0
2023-10-14,1,wk inc hosp,2023-10-21,24,quantile,0.3,0
2023-10-14,1,wk inc hosp,2023-10-21,24,quantile,0.35,0
2023-10-14,1,wk inc hosp,2023-10-21,24,quantile,0.4,0.7285422854228543
2023-10-14,1,wk inc hosp,2023-10-21,24,quantile,0.45,1.7285422854228543
2023-10-14,1,wk inc hosp,2023-10-21,24,quantile,0.5,3
2023-10-14,1,wk inc hosp,2023-10-21,24,quantile,0.55,4.728542285422854
2023-10-14,1,wk inc hosp,2023-10-21,24,quantile,0.6,5.7332883328833155
2023-10-14,1,wk inc hosp,2023-10-21,24,quantile,0.65,7.728542285422854
2023-10-14,1,wk inc hosp,2023-10-21,24,quantile,0.7,9.728542285422854
2023-10-14,1,wk inc hosp,2023-10-21,24,quantile,0.75,12.019525195251962
2023-10-14,1,wk inc hosp,2023-10-21,24,quantile,0.8,15.728542285422854
2023-10-14,1,wk inc hosp,2023-10-21,24,quantile,0.85,21.49873898738987
2023-10-14,1,wk inc hosp,2023-10-21,24,quantile,0.9,33.42529625296248
2023-10-14,1,wk inc hosp,2023-10-21,24,quantile,0.95,64.94316843168426
2023-10-14,1,wk inc hosp,2023-10-21,24,quantile,0.975,82.28002130021294
2023-10-14,1,wk inc hosp,2023-10-21,24,quantile,0.99,101.72854228542286
2023-10-14,1,wk inc hosp,2023-10-21,25,quantile,0.01,0
2023-10-14,1,wk inc hosp,2023-10-21,25,quantile,0.025,0
2023-10-14,1,wk inc hosp,2023-10-21,25,quantile,0.05,0
2023-10-14,1,wk inc hosp,2023-10-21,25,quantile,0.1,0
2023-10-14,1,wk inc hosp,2023-10-21,25,quantile,0.15,0
2023-10-14,1,wk inc hosp,2023-10-21,25,quantile,0.2,1
2023-10-14,1,wk inc hosp,2023-10-21,25,quantile,0.25,4
2023-10-14,1,wk inc hosp,2023-10-21,25,quantile,0.3,6.2525355253552535
2023-10-14,1,wk inc hosp,2023-10-21,25,quantile,0.35,9
2023-10-14,1,wk inc hosp,2023-10-21,25,quantile,0.4,11
2023-10-14,1,wk inc hosp,2023-10-21,25,quantile,0.45,12.734057340573411
2023-10-14,1,wk inc hosp,2023-10-21,25,quantile,0.5,14
2023-10-14,1,wk inc hosp,2023-10-21,25,quantile,0.55,16
2023-10-14,1,wk inc hosp,2023-10-21,25,quantile,0.6,18
2023-10-14,1,wk inc hosp,2023-10-21,25,quantile,0.65,20
2023-10-14,1,wk inc hosp,2023-10-21,25,quantile,0.7,23
2023-10-14,1,wk inc hosp,2023-10-21,25,quantile,0.75,26.80426804268042
2023-10-14,1,wk inc hosp,2023-10-21,25,quantile,0.8,32
2023-10-14,1,wk inc hosp,2023-10-21,25,quantile,0.85,43.04591545915455
2023-10-14,1,wk inc hosp,2023-10-21,25,quantile,0.9,67.25169951699515
2023-10-14,1,wk inc hosp,2023-10-21,25,quantile,0.95,132.65196951969506
2023-10-14,1,wk inc hosp,2023-10-21,25,quantile,0.975,213.34011290112846
2023-10-14,1,wk inc hosp,2023-10-21,25,quantile,0.99,260.6108028080285
2023-10-14,1,wk inc hosp,2023-10-21,26,quantile,0.01,0
2023-10-14,1,wk inc hosp,2023-10-21,26,quantile,0.025,0
2023-10-14,1,wk inc hosp,2023-10-21,26,quantile,0.05,0
2023-10-14,1,wk inc hosp,2023-10-21,26,quantile,0.1,0
2023-10-14,1,wk inc hosp,2023-10-21,26,quantile,0.15,0
2023-10-14,1,wk inc hosp,2023-10-21,26,quantile,0.2,1
2023-10-14,1,wk inc hosp,2023-10-21,26,quantile,0.25,5
2023-10-14,1,wk inc hosp,2023-10-21,26,quantile,0.3,8
2023-10-14,1,wk inc hosp,2023-10-21,26,quantile,0.35,10.318432684326808
2023-10-14,1,wk inc hosp,2023-10-21,26,quantile,0.4,13
2023-10-14,1,wk inc hosp,2023-10-21,26,quantile,0.45,15
2023-10-14,1,wk inc hosp,2023-10-21,26,quantile,0.5,17
2023-10-14,1,wk inc hosp,2023-10-21,26,quantile,0.55,20
2023-10-14,1,wk inc hosp,2023-10-21,26,quantile,0.6,22
2023-10-14,1,wk inc hosp,2023-10-21,26,quantile,0.65,25
2023-10-14,1,wk inc hosp,2023-10-21,26,quantile,0.7,28
2023-10-14,1,wk inc hosp,2023-10-21,26,quantile,0.75,33
2023-10-14,1,wk inc hosp,2023-10-21,26,quantile,0.8,41.23686036860369
2023-10-14,1,wk inc hosp,2023-10-21,26,quantile,0.85,51.570928709287095
2023-10-14,1,wk inc hosp,2023-10-21,26,quantile,0.9,77.32003520035205
2023-10-14,1,wk inc hosp,2023-10-21,26,quantile,0.95,173.7932144321436
2023-10-14,1,wk inc hosp,2023-10-21,26,quantile,0.975,283.30328628286225
2023-10-14,1,wk inc hosp,2023-10-21,26,quantile,0.99,409.9496732967328
2023-10-14,1,wk inc hosp,2023-10-21,27,quantile,0.01,0
2023-10-14,1,wk inc hosp,2023-10-21,27,quantile,0.025,0
2023-10-14,1,wk inc hosp,2023-10-21,27,quantile,0.05,0
2023-10-14,1,wk inc hosp,2023-10-21,27,quantile,0.1,0
2023-10-14,1,wk inc hosp,2023-10-21,27,quantile,0.15,0
2023-10-14,1,wk inc hosp,2023-10-21,27,quantile,0.2,0
2023-10-14,1,wk inc hosp,2023-10-21,27,quantile,0.25,0
2023-10-14,1,wk inc hosp,2023-10-21,27,quantile,0.3,0
2023-10-14,1,wk inc hosp,2023-10-21,27,quantile,0.35,0
2023-10-14,1,wk inc hosp,2023-10-21,27,quantile,0.4,1
2023-10-14,1,wk inc hosp,2023-10-21,27,quantile,0.45,2
2023-10-14,1,wk inc hosp,2023-10-21,27,quantile,0.5,3
2023-10-14,1,wk inc hosp,2023-10-21,27,quantile,0.55,4
2023-10-14,1,wk inc hosp,2023-10-21,27,quantile,0.6,5
2023-10-14,1,wk inc hosp,2023-10-21,27,quantile,0.65,7
2023-10-14,1,wk inc hosp,2023-10-21,27,quantile,0.7,9
2023-10-14,1,wk inc hosp,2023-10-21,27,quantile,0.75,11
2023-10-14,1,wk inc hosp,2023-10-21,27,quantile,0.8,14.991459914599162
2023-10-14,1,wk inc hosp,2023-10-21,27,quantile,0.85,22.373473734737313
2023-10-14,1,wk inc hosp,2023-10-21,27,quantile,0.9,39.64767047670478
2023-10-14,1,wk inc hosp,2023-10-21,27,quantile,0.95,84.00747557475566
2023-10-14,1,wk inc hosp,2023-10-21,27,quantile,0.975,99.17321948219482
2023-10-14,1,wk inc hosp,2023-10-21,27,quantile,0.99,115.12698456984525
2023-10-14,1,wk inc hosp,2023-10-21,28,quantile,0.01,0
2023-10-14,1,wk inc hosp,2023-10-21,28,quantile,0.025,0
2023-10-14,1,wk inc hosp,2023-10-21,28,quantile,0.05,0
2023-10-14,1,wk inc hosp,2023-10-21,28,quantile,0.1,4.941935419354202
2023-10-14,1,wk inc hosp,2023-10-21,28,quantile,0.15,10.148169481694813
2023-10-14,1,wk inc hosp,2023-10-21,28,quantile,0.2,15
2023-10-14,1,wk inc hosp,2023-10-21,28,quantile,0.25,18
2023-10-14,1,wk inc hosp,2023-10-21,28,quantile,0.3,20.588396883968837
2023-10-14,1,wk inc hosp,2023-10-21,28,quantile,0.35,23
2023-10-14,1,wk inc hosp,2023-10-21,28,quantile,0.4,25
2023-10-14,1,wk inc hosp,2023-10-21,28,quantile,0.45,27
2023-10-14,1,wk inc hosp,2023-10-21,28,quantile,0.5,29
2023-10-14,1,wk inc hosp,2023-10-21,28,quantile,0.55,31
2023-10-14,1,wk inc hosp,2023-10-21,28,quantile,0.6,33
2023-10-14,1,wk inc hosp,2023-10-21,28,quantile,0.65,35
2023-10-14,1,wk inc hosp,2023-10-21,28,quantile,0.7,37.787642876428755
2023-10-14,1,wk inc hosp,2023-10-21,28,quantile,0.75,40
2023-10-14,1,wk inc hosp,2023-10-21,28,quantile,0.8,43.46585265852658
2023-10-14,1,wk inc hosp,2023-10-21,28,quantile,0.85,48
2023-10-14,1,wk inc hosp,2023-10-21,28,quantile,0.9,54.45230652306524
2023-10-14,1,wk inc hosp,2023-10-21,28,quantile,0.95,67.89613246132464
2023-10-14,1,wk inc hosp,2023-10-21,28,quantile,0.975,90.10676306763067
2023-10-14,1,wk inc hosp,2023-10-21,28,quantile,0.99,119.51202442024382
2023-10-14,1,wk inc hosp,2023-10-21,29,quantile,0.01,0
2023-10-14,1,wk inc hosp,2023-10-21,29,quantile,0.025,0
2023-10-14,1,wk inc hosp,2023-10-21,29,quantile,0.05,0
2023-10-14,1,wk inc hosp,2023-10-21,29,quantile,0.1,0
2023-10-14,1,wk inc hosp,2023-10-21,29,quantile,0.15,2.274292242922432
2023-10-14,1,wk inc hosp,2023-10-21,29,quantile,0.2,7
2023-10-14,1,wk inc hosp,2023-10-21,29,quantile,0.25,11
2023-10-14,1,wk inc hosp,2023-10-21,29,quantile,0.3,14.35924959249591
2023-10-14,1,wk inc hosp,2023-10-21,29,quantile,0.35,17
2023-10-14,1,wk inc hosp,2023-10-21,29,quantile,0.4,20
2023-10-14,1,wk inc hosp,2023-10-21,29,quantile,0.45,22
2023-10-14,1,wk inc hosp,2023-10-21,29,quantile,0.5,24
2023-10-14,1,wk inc hosp,2023-10-21,29,quantile,0.55,26.006263062630637
2023-10-14,1,wk inc hosp,2023-10-21,29,quantile,0.6,29
2023-10-14,1,wk inc hosp,2023-10-21,29,quantile,0.65,31
2023-10-14,1,wk inc hosp,2023-10-21,29,quantile,0.7,34
2023-10-14,1,wk inc hosp,2023-10-21,29,quantile,0.75,37.73209482094822
2023-10-14,1,wk inc hosp,2023-10-21,29,quantile,0.8,42.3669836698367
2023-10-14,1,wk inc hosp,2023-10-21,29,quantile,0.85,50.568007180071774
2023-10-14,1,wk inc hosp,2023-10-21,29,quantile,0.9,69.92271222712225
2023-10-14,1,wk inc hosp,2023-10-21,29,quantile,0.95,139.205391053909
2023-10-14,1,wk inc hosp,2023-10-21,29,quantile,0.975,250.56459364593627
2023-10-14,1,wk inc hosp,2023-10-21,29,quantile,0.99,334.60586475864585
2023-10-14,1,wk inc hosp,2023-10-21,30,quantile,0.01,0
2023-10-14,1,wk inc hosp,2023-10-21,30,quantile,0.025,0
2023-10-14,1,wk inc hosp,2023-10-21,30,quantile,0.05,0
2023-10-14,1,wk inc hosp,2023-10-21,30,quantile,0.1,0
2023-10-14,1,wk inc hosp,2023-10-21,30,quantile,0.15,0
2023-10-14,1,wk inc hosp,2023-10-21,30,quantile,0.2,0
2023-10-14,1,wk inc hosp,2023-10-21,30,quantile,0.25,0
2023-10-14,1,wk inc hosp,2023-10-21,30,quantile,0.3,0
2023-10-14,1,wk inc hosp,2023-10-21,30,quantile,0.35,0
2023-10-14,1,wk inc hosp,2023-10-21,30,quantile,0.4,0
2023-10-14,1,wk inc hosp,2023-10-21,30,quantile,0.45,0
2023-10-14,1,wk inc hosp,2023-10-21,30,quantile,0.5,0
2023-10-14,1,wk inc hosp,2023-10-21,30,quantile,0.55,0
2023-10-14,1,wk inc hosp,2023-10-21,30,quantile,0.6,1
2023-10-14,1,wk inc hosp,2023-10-21,30,quantile,0.65,1.7411814118141233
2023-10-14,1,wk inc hosp,2023-10-21,30,quantile,0.7,2
2023-10-14,1,wk inc hosp,2023-10-21,30,quantile,0.75,3.6468839688396812
2023-10-14,1,wk inc hosp,2023-10-21,30,quantile,0.8,5.49839498394987
2023-10-14,1,wk inc hosp,2023-10-21,30,quantile,0.85,8
2023-10-14,1,wk inc hosp,2023-10-21,30,quantile,0.9,16.666103661036644
2023-10-14,1,wk inc hosp,2023-10-21,30,quantile,0.95,25.257546575465707
2023-10-14,1,wk inc hosp,2023-10-21,30,quantile,0.975,32.0867718677186
2023-10-14,1,wk inc hosp,2023-10-21,30,quantile,0.99,36.854013940139325
2023-10-14,1,wk inc hosp,2023-10-21,31,quantile,0.01,0
2023-10-14,1,wk inc hosp,2023-10-21,31,quantile,0.025,0
2023-10-14,1,wk inc hosp,2023-10-21,31,quantile,0.05,0
2023-10-14,1,wk inc hosp,2023-10-21,31,quantile,0.1,0
2023-10-14,1,wk inc hosp,2023-10-21,31,quantile,0.15,0
2023-10-14,1,wk inc hosp,2023-10-21,31,quantile,0.2,0
2023-10-14,1,wk inc hosp,2023-10-21,31,quantile,0.25,0
2023-10-14,1,wk inc hosp,2023-10-21,31,quantile,0.3,0.8885538855388546
2023-10-14,1,wk inc hosp,2023-10-21,31,quantile,0.35,1.8885538855388546
2023-10-14,1,wk inc hosp,2023-10-21,31,quantile,0.4,2.8885538855388546
2023-10-14,1,wk inc hosp,2023-10-21,31,quantile,0.45,3.8885538855388546
2023-10-14,1,wk inc hosp,2023-10-21,31,quantile,0.5,5
2023-10-14,1,wk inc hosp,2023-10-21,31,quantile,0.55,6.708972589725911
2023-10-14,1,wk inc hosp,2023-10-21,31,quantile,0.6,7.888553885538855
2023-10-14,1,wk inc hosp,2023-10-21,31,quantile,0.65,8.888553885538855
2023-10-14,1,wk inc hosp,2023-10-21,31,quantile,0.7,10.888553885538855
2023-10-14,1,wk inc hosp,2023-10-21,31,quantile,0.75,12.329113291132913
2023-10-14,1,wk inc hosp,2023-10-21,31,quantile,0.8,14.888553885538855
2023-10-14,1,wk inc hosp,2023-10-21,31,quantile,0.85,17.961374613746134
2023-10-14,1,wk inc hosp,2023-10-21,31,quantile,0.9,23.888553885538855
2023-10-14,1,wk inc hosp,2023-10-21,31,quantile,0.95,38.21404764047634
2023-10-14,1,wk inc hosp,2023-10-21,31,quantile,0.975,45.888553885538855
2023-10-14,1,wk inc hosp,2023-10-21,31,quantile,0.99,51.888553885538855
2023-10-14,1,wk inc hosp,2023-10-21,32,quantile,0.01,0
2023-10-14,1,wk inc hosp,2023-10-21,32,quantile,0.025,0
2023-10-14,1,wk inc hosp,2023-10-21,32,quantile,0.05,0
2023-10-14,1,wk inc hosp,2023-10-21,32,quantile,0.1,0
2023-10-14,1,wk inc hosp,2023-10-21,32,quantile,0.15,0
2023-10-14,1,wk inc hosp,2023-10-21,32,quantile,0.2,0
2023-10-14,1,wk inc hosp,2023-10-21,32,quantile,0.25,0
2023-10-14,1,wk inc hosp,2023-10-21,32,quantile,0.3,0.1853518535185401
2023-10-14,1,wk inc hosp,2023-10-21,32,quantile,0.35,1.1853518535185401
2023-10-14,1,wk inc hosp,2023-10-21,32,quantile,0.4,2.18535185351854
2023-10-14,1,wk inc hosp,2023-10-21,32,quantile,0.45,3.18535185351854
2023-10-14,1,wk inc hosp,2023-10-21,32,quantile,0.5,5
2023-10-14,1,wk inc hosp,2023-10-21,32,quantile,0.55,6.18535185351854
2023-10-14,1,wk inc hosp,2023-10-21,32,quantile,0.6,7.18535185351854
2023-10-14,1,wk inc hosp,2023-10-21,32,quantile,0.65,9.18535185351854
2023-10-14,1,wk inc hosp,2023-10-21,32,quantile,0.7,11.18535185351854
2023-10-14,1,wk inc hosp,2023-10-21,32,quantile,0.75,14.18535185351854
2023-10-14,1,wk inc hosp,2023-10-21,32,quantile,0.8,19.18535185351854
2023-10-14,1,wk inc hosp,2023-10-21,32,quantile,0.85,26.18039480394801
2023-10-14,1,wk inc hosp,2023-10-21,32,quantile,0.9,35.37892178921794
2023-10-14,1,wk inc hosp,2023-10-21,32,quantile,0.95,64.61757617576161
2023-10-14,1,wk inc hosp,2023-10-21,32,quantile,0.975,93.01576540765375
2023-10-14,1,wk inc hosp,2023-10-21,32,quantile,0.99,129.166706967068
2023-10-14,1,wk inc hosp,2023-10-21,33,quantile,0.01,0
2023-10-14,1,wk inc hosp,2023-10-21,33,quantile,0.025,0
2023-10-14,1,wk inc hosp,2023-10-21,33,quantile,0.05,0
2023-10-14,1,wk inc hosp,2023-10-21,33,quantile,0.1,0
2023-10-14,1,wk inc hosp,2023-10-21,33,quantile,0.15,0
2023-10-14,1,wk inc hosp,2023-10-21,33,quantile,0.2,0
2023-10-14,1,wk inc hosp,2023-10-21,33,quantile,0.25,0
2023-10-14,1,wk inc hosp,2023-10-21,33,quantile,0.3,0
2023-10-14,1,wk inc hosp,2023-10-21,33,quantile,0.35,1
2023-10-14,1,wk inc hosp,2023-10-21,33,quantile,0.4,1
2023-10-14,1,wk inc hosp,2023-10-21,33,quantile,0.45,2
2023-10-14,1,wk inc hosp,2023-10-21,33,quantile,0.5,2
2023-10-14,1,wk inc hosp,2023-10-21,33,quantile,0.55,3
2023-10-14,1,wk inc hosp,2023-10-21,33,quantile,0.6,3.576609766097655
2023-10-14,1,wk inc hosp,2023-10-21,33,quantile,0.65,4
2023-10-14,1,wk inc hosp,2023-10-21,33,quantile,0.7,5
2023-10-14,1,wk inc hosp,2023-10-21,33,quantile,0.75,6
2023-10-14,1,wk inc hosp,2023-10-21,33,quantile,0.8,7
2023-10-14,1,wk inc hosp,2023-10-21,33,quantile,0.85,9
2023-10-14,1,wk inc hosp,2023-10-21,33,quantile,0.9,13.596612966129658
2023-10-14,1,wk inc hosp,2023-10-21,33,quantile,0.95,26.3975019750196
2023-10-14,1,wk inc hosp,2023-10-21,33,quantile,0.975,35.423410734107335
2023-10-14,1,wk inc hosp,2023-10-21,33,quantile,0.99,43.10217182171818
2023-10-14,1,wk inc hosp,2023-10-21,34,quantile,0.01,0
2023-10-14,1,wk inc hosp,2023-10-21,34,quantile,0.025,0
2023-10-14,1,wk inc hosp,2023-10-21,34,quantile,0.05,0
2023-10-14,1,wk inc hosp,2023-10-21,34,quantile,0.1,0
2023-10-14,1,wk inc hosp,2023-10-21,34,quantile,0.15,0
2023-10-14,1,wk inc hosp,2023-10-21,34,quantile,0.2,1
2023-10-14,1,wk inc hosp,2023-10-21,34,quantile,0.25,4
2023-10-14,1,wk inc hosp,2023-10-21,34,quantile,0.3,7
2023-10-14,1,wk inc hosp,2023-10-21,34,quantile,0.35,10
2023-10-14,1,wk inc hosp,2023-10-21,34,quantile,0.4,12
2023-10-14,1,wk inc hosp,2023-10-21,34,quantile,0.45,15
2023-10-14,1,wk inc hosp,2023-10-21,34,quantile,0.5,17
2023-10-14,1,wk inc hosp,2023-10-21,34,quantile,0.55,20
2023-10-14,1,wk inc hosp,2023-10-21,34,quantile,0.6,23
2023-10-14,1,wk inc hosp,2023-10-21,34,quantile,0.65,25.592946929469306
2023-10-14,1,wk inc hosp,2023-10-21,34,quantile,0.7,29
2023-10-14,1,wk inc hosp,2023-10-21,34,quantile,0.75,32.84561095610951
2023-10-14,1,wk inc hosp,2023-10-21,34,quantile,0.8,38
2023-10-14,1,wk inc hosp,2023-10-21,34,quantile,0.85,47
2023-10-14,1,wk inc hosp,2023-10-21,34,quantile,0.9,77.61439414394151
2023-10-14,1,wk inc hosp,2023-10-21,34,quantile,0.95,146.779301793018
2023-10-14,1,wk inc hosp,2023-10-21,34,quantile,0.975,184.37656351563476
2023-10-14,1,wk inc hosp,2023-10-21,34,quantile,0.99,238.17937049370425
2023-10-14,1,wk inc hosp,2023-10-21,35,quantile,0.01,0
2023-10-14,1,wk inc hosp,2023-10-21,35,quantile,0.025,0
2023-10-14,1,wk inc hosp,2023-10-21,35,quantile,0.05,0
2023-10-14,1,wk inc hosp,2023-10-21,35,quantile,0.1,0
2023-10-14,1,wk inc hosp,2023-10-21,35,quantile,0.15,0
2023-10-14,1,wk inc hosp,2023-10-21,35,quantile,0.2,0
2023-10-14,1,wk inc hosp,2023-10-21,35,quantile,0.25,0
2023-10-14,1,wk inc hosp,2023-10-21,35,quantile,0.3,0.6772267722677228
2023-10-14,1,wk inc hosp,2023-10-21,35,quantile,0.35,2.6772267722677228
2023-10-14,1,wk inc hosp,2023-10-21,35,quantile,0.4,3.6772267722677228
2023-10-14,1,wk inc hosp,2023-10-21,35,quantile,0.45,5.289307893078929
2023-10-14,1,wk inc hosp,2023-10-21,35,quantile,0.5,6
2023-10-14,1,wk inc hosp,2023-10-21,35,quantile,0.55,7.677226772267723
2023-10-14,1,wk inc hosp,2023-10-21,35,quantile,0.6,8.677226772267723
2023-10-14,1,wk inc hosp,2023-10-21,35,quantile,0.65,10.677226772267723
2023-10-14,1,wk inc hosp,2023-10-21,35,quantile,0.7,12.974228742287451
2023-10-14,1,wk inc hosp,2023-10-21,35,quantile,0.75,15.627983779837813
2023-10-14,1,wk inc hosp,2023-10-21,35,quantile,0.8,18.677226772267723
2023-10-14,1,wk inc hosp,2023-10-21,35,quantile,0.85,24.364704147041447
2023-10-14,1,wk inc hosp,2023-10-21,35,quantile,0.9,33.66179861798619
2023-10-14,1,wk inc hosp,2023-10-21,35,quantile,0.95,65.53811338113373
2023-10-14,1,wk inc hosp,2023-10-21,35,quantile,0.975,100.56742017420166
2023-10-14,1,wk inc hosp,2023-10-21,35,quantile,0.99,140.3922836228352
2023-10-14,1,wk inc hosp,2023-10-21,36,quantile,0.01,0
2023-10-14,1,wk inc hosp,2023-10-21,36,quantile,0.025,0
2023-10-14,1,wk inc hosp,2023-10-21,36,quantile,0.05,0
2023-10-14,1,wk inc hosp,2023-10-21,36,quantile,0.1,0
2023-10-14,1,wk inc hosp,2023-10-21,36,quantile,0.15,0
2023-10-14,1,wk inc hosp,2023-10-21,36,quantile,0.2,4.525080250802503
2023-10-14,1,wk inc hosp,2023-10-21,36,quantile,0.25,11.525080250802503
2023-10-14,1,wk inc hosp,2023-10-21,36,quantile,0.3,17.871194711947112
2023-10-14,1,wk inc hosp,2023-10-21,36,quantile,0.35,23.796323463234597
2023-10-14,1,wk inc hosp,2023-10-21,36,quantile,0.4,28.525080250802503
2023-10-14,1,wk inc hosp,2023-10-21,36,quantile,0.45,32.80483104831048
2023-10-14,1,wk inc hosp,2023-10-21,36,quantile,0.5,37
2023-10-14,1,wk inc hosp,2023-10-21,36,quantile,0.55,41.26073960739606
2023-10-14,1,wk inc hosp,2023-10-21,36,quantile,0.6,45.725238252382496
2023-10-14,1,wk inc hosp,2023-10-21,36,quantile,0.65,50.89692296922972
2023-10-14,1,wk inc hosp,2023-10-21,36,quantile,0.7,57.5250802508025
2023-10-14,1,wk inc hosp,2023-10-21,36,quantile,0.75,65.5250802508025
2023-10-14,1,wk inc hosp,2023-10-21,36,quantile,0.8,77.04073940739411
2023-10-14,1,wk inc hosp,2023-10-21,36,quantile,0.85,97.5250802508025
2023-10-14,1,wk inc hosp,2023-10-21,36,quantile,0.9,151.41356313563148
2023-10-14,1,wk inc hosp,2023-10-21,36,quantile,0.95,262.75046750467504
2023-10-14,1,wk inc hosp,2023-10-21,36,quantile,0.975,376.01511415114186
2023-10-14,1,wk inc hosp,2023-10-21,36,quantile,0.99,483.10664716647136
2023-10-14,1,wk inc hosp,2023-10-21,37,quantile,0.01,0
2023-10-14,1,wk inc hosp,2023-10-21,37,quantile,0.025,0
2023-10-14,1,wk inc hosp,2023-10-21,37,quantile,0.05,0
2023-10-14,1,wk inc hosp,2023-10-21,37,quantile,0.1,0
2023-10-14,1,wk inc hosp,2023-10-21,37,quantile,0.15,7.989716897168966
2023-10-14,1,wk inc hosp,2023-10-21,37,quantile,0.2,15.039722397224004
2023-10-14,1,wk inc hosp,2023-10-21,37,quantile,0.25,20.532657826578266
2023-10-14,1,wk inc hosp,2023-10-21,37,quantile,0.3,24.586745867458674
2023-10-14,1,wk inc hosp,2023-10-21,37,quantile,0.35,28
2023-10-14,1,wk inc hosp,2023-10-21,37,quantile,0.4,31.09720297202972
2023-10-14,1,wk inc hosp,2023-10-21,37,quantile,0.45,34.036873368733694
2023-10-14,1,wk inc hosp,2023-10-21,37,quantile,0.5,37
2023-10-14,1,wk inc hosp,2023-10-21,37,quantile,0.55,40
2023-10-14,1,wk inc hosp,2023-10-21,37,quantile,0.6,43
2023-10-14,1,wk inc hosp,2023-10-21,37,quantile,0.65,46.16648716487166
2023-10-14,1,wk inc hosp,2023-10-21,37,quantile,0.7,50
2023-10-14,1,wk inc hosp,2023-10-21,37,quantile,0.75,54.39348893488935
2023-10-14,1,wk inc hosp,2023-10-21,37,quantile,0.8,60.687230872308774
2023-10-14,1,wk inc hosp,2023-10-21,37,quantile,0.85,71.65946509465078
2023-10-14,1,wk inc hosp,2023-10-21,37,quantile,0.9,98.16716167161675
2023-10-14,1,wk inc hosp,2023-10-21,37,quantile,0.95,123.81682266822672
2023-10-14,1,wk inc hosp,2023-10-21,37,quantile,0.975,154.14792597925995
2023-10-14,1,wk inc hosp,2023-10-21,37,quantile,0.99,242.46363033630345
2023-10-14,1,wk inc hosp,2023-10-21,38,quantile,0.01,0
2023-10-14,1,wk inc hosp,2023-10-21,38,quantile,0.025,0
2023-10-14,1,wk inc hosp,2023-10-21,38,quantile,0.05,0
2023-10-14,1,wk inc hosp,2023-10-21,38,quantile,0.1,0
2023-10-14,1,wk inc hosp,2023-10-21,38,quantile,0.15,0
2023-10-14,1,wk inc hosp,2023-10-21,38,quantile,0.2,0
2023-10-14,1,wk inc hosp,2023-10-21,38,quantile,0.25,0
2023-10-14,1,wk inc hosp,2023-10-21,38,quantile,0.3,0
2023-10-14,1,wk inc hosp,2023-10-21,38,quantile,0.35,0
2023-10-14,1,wk inc hosp,2023-10-21,38,quantile,0.4,0
2023-10-14,1,wk inc hosp,2023-10-21,38,quantile,0.45,0
2023-10-14,1,wk inc hosp,2023-10-21,38,quantile,0.5,0
2023-10-14,1,wk inc hosp,2023-10-21,38,quantile,0.55,0
2023-10-14,1,wk inc hosp,2023-10-21,38,quantile,0.6,1
2023-10-14,1,wk inc hosp,2023-10-21,38,quantile,0.65,1
2023-10-14,1,wk inc hosp,2023-10-21,38,quantile,0.7,2
2023-10-14,1,wk inc hosp,2023-10-21,38,quantile,0.75,3
2023-10-14,1,wk inc hosp,2023-10-21,38,quantile,0.8,4.009564095640971
2023-10-14,1,wk inc hosp,2023-10-21,38,quantile,0.85,6.342926429264301
2023-10-14,1,wk inc hosp,2023-10-21,38,quantile,0.9,10
2023-10-14,1,wk inc hosp,2023-10-21,38,quantile,0.95,17.881559315593165
2023-10-14,1,wk inc hosp,2023-10-21,38,quantile,0.975,27
2023-10-14,1,wk inc hosp,2023-10-21,38,quantile,0.99,31.458850088500867
2023-10-14,1,wk inc hosp,2023-10-21,39,quantile,0.01,0
2023-10-14,1,wk inc hosp,2023-10-21,39,quantile,0.025,0
2023-10-14,1,wk inc hosp,2023-10-21,39,quantile,0.05,0
2023-10-14,1,wk inc hosp,2023-10-21,39,quantile,0.1,0
2023-10-14,1,wk inc hosp,2023-10-21,39,quantile,0.15,0
2023-10-14,1,wk inc hosp,2023-10-21,39,quantile,0.2,1.556313563135649
2023-10-14,1,wk inc hosp,2023-10-21,39,quantile,0.25,5
2023-10-14,1,wk inc hosp,2023-10-21,39,quantile,0.3,8.913411134111346
2023-10-14,1,wk inc hosp,2023-10-21,39,quantile,0.35,12
2023-10-14,1,wk inc hosp,2023-10-21,39,quantile,0.4,14
2023-10-14,1,wk inc hosp,2023-10-21,39,quantile,0.45,16
2023-10-14,1,wk inc hosp,2023-10-21,39,quantile,0.5,18
2023-10-14,1,wk inc hosp,2023-10-21,39,quantile,0.55,20.23250982509825
2023-10-14,1,wk inc hosp,2023-10-21,39,quantile,0.6,22.914545145451452
2023-10-14,1,wk inc hosp,2023-10-21,39,quantile,0.65,25.11918019180193
2023-10-14,1,wk inc hosp,2023-10-21,39,quantile,0.7,29
2023-10-14,1,wk inc hosp,2023-10-21,39,quantile,0.75,33.95352953529537
2023-10-14,1,wk inc hosp,2023-10-21,39,quantile,0.8,41
2023-10-14,1,wk inc hosp,2023-10-21,39,quantile,0.85,52.2912439124391
2023-10-14,1,wk inc hosp,2023-10-21,39,quantile,0.9,85.5618276182762
2023-10-14,1,wk inc hosp,2023-10-21,39,quantile,0.95,134.67797677976753
2023-10-14,1,wk inc hosp,2023-10-21,39,quantile,0.975,257.37147196471943
2023-10-14,1,wk inc hosp,2023-10-21,39,quantile,0.99,326.20266642666365
2023-10-14,1,wk inc hosp,2023-10-21,40,quantile,0.01,0
2023-10-14,1,wk inc hosp,2023-10-21,40,quantile,0.025,0
2023-10-14,1,wk inc hosp,2023-10-21,40,quantile,0.05,0
2023-10-14,1,wk inc hosp,2023-10-21,40,quantile,0.1,0
2023-10-14,1,wk inc hosp,2023-10-21,40,quantile,0.15,0
2023-10-14,1,wk inc hosp,2023-10-21,40,quantile,0.2,0
2023-10-14,1,wk inc hosp,2023-10-21,40,quantile,0.25,2.0738682386823903
2023-10-14,1,wk inc hosp,2023-10-21,40,quantile,0.3,5.052873528735316
2023-10-14,1,wk inc hosp,2023-10-21,40,quantile,0.35,7.664376643766438
2023-10-14,1,wk inc hosp,2023-10-21,40,quantile,0.4,10.664376643766438
2023-10-14,1,wk inc hosp,2023-10-21,40,quantile,0.45,12.664376643766438
2023-10-14,1,wk inc hosp,2023-10-21,40,quantile,0.5,15
2023-10-14,1,wk inc hosp,2023-10-21,40,quantile,0.55,17.66437664376644
2023-10-14,1,wk inc hosp,2023-10-21,40,quantile,0.6,20.66437664376644
2023-10-14,1,wk inc hosp,2023-10-21,40,quantile,0.65,23.66437664376644
2023-10-14,1,wk inc hosp,2023-10-21,40,quantile,0.7,26.9153321533215
2023-10-14,1,wk inc hosp,2023-10-21,40,quantile,0.75,31.66437664376644
2023-10-14,1,wk inc hosp,2023-10-21,40,quantile,0.8,39.31548115481155
2023-10-14,1,wk inc hosp,2023-10-21,40,quantile,0.85,50.769417194171915
2023-10-14,1,wk inc hosp,2023-10-21,40,quantile,0.9,79.22857228572288
2023-10-14,1,wk inc hosp,2023-10-21,40,quantile,0.95,117.98140781407766
2023-10-14,1,wk inc hosp,2023-10-21,40,quantile,0.975,222.73866638666365
2023-10-14,1,wk inc hosp,2023-10-21,40,quantile,0.99,281.13301893018615
2023-10-14,1,wk inc hosp,2023-10-21,41,quantile,0.01,0
2023-10-14,1,wk inc hosp,2023-10-21,41,quantile,0.025,0
2023-10-14,1,wk inc hosp,2023-10-21,41,quantile,0.05,0
2023-10-14,1,wk inc hosp,2023-10-21,41,quantile,0.1,0
2023-10-14,1,wk inc hosp,2023-10-21,41,quantile,0.15,0
2023-10-14,1,wk inc hosp,2023-10-21,41,quantile,0.2,1
2023-10-14,1,wk inc hosp,2023-10-21,41,quantile,0.25,2
2023-10-14,1,wk inc hosp,2023-10-21,41,quantile,0.3,3
2023-10-14,1,wk inc hosp,2023-10-21,41,quantile,0.35,4
2023-10-14,1,wk inc hosp,2023-10-21,41,quantile,0.4,5
2023-10-14,1,wk inc hosp,2023-10-21,41,quantile,0.45,5
2023-10-14,1,wk inc hosp,2023-10-21,41,quantile,0.5,6
2023-10-14,1,wk inc hosp,2023-10-21,41,quantile,0.55,7
2023-10-14,1,wk inc hosp,2023-10-21,41,quantile,0.6,7.857048570485693
2023-10-14,1,wk inc hosp,2023-10-21,41,quantile,0.65,8
2023-10-14,1,wk inc hosp,2023-10-21,41,quantile,0.7,9
2023-10-14,1,wk inc hosp,2023-10-21,41,quantile,0.75,10.810663106631075
2023-10-14,1,wk inc hosp,2023-10-21,41,quantile,0.8,12.13537135371356
2023-10-14,1,wk inc hosp,2023-10-21,41,quantile,0.85,17.094516945169453
2023-10-14,1,wk inc hosp,2023-10-21,41,quantile,0.9,32.91194611946125
2023-10-14,1,wk inc hosp,2023-10-21,41,quantile,0.95,102.18138331383321
2023-10-14,1,wk inc hosp,2023-10-21,41,quantile,0.975,202.73035155351587
2023-10-14,1,wk inc hosp,2023-10-21,41,quantile,0.99,253.27051440514398
2023-10-14,1,wk inc hosp,2023-10-21,42,quantile,0.01,0
2023-10-14,1,wk inc hosp,2023-10-21,42,quantile,0.025,0
2023-10-14,1,wk inc hosp,2023-10-21,42,quantile,0.05,0
2023-10-14,1,wk inc hosp,2023-10-21,42,quantile,0.1,0
2023-10-14,1,wk inc hosp,2023-10-21,42,quantile,0.15,4.906669066690664
2023-10-14,1,wk inc hosp,2023-10-21,42,quantile,0.2,13.514775147751477
2023-10-14,1,wk inc hosp,2023-10-21,42,quantile,0.25,20
2023-10-14,1,wk inc hosp,2023-10-21,42,quantile,0.3,25.039963399633994
2023-10-14,1,wk inc hosp,2023-10-21,42,quantile,0.35,30
2023-10-14,1,wk inc hosp,2023-10-21,42,quantile,0.4,34
2023-10-14,1,wk inc hosp,2023-10-21,42,quantile,0.45,37.990048400484014
2023-10-14,1,wk inc hosp,2023-10-21,42,quantile,0.5,41
2023-10-14,1,wk inc hosp,2023-10-21,42,quantile,0.55,45
2023-10-14,1,wk inc hosp,2023-10-21,42,quantile,0.6,48.76791567915677
2023-10-14,1,wk inc hosp,2023-10-21,42,quantile,0.65,53
2023-10-14,1,wk inc hosp,2023-10-21,42,quantile,0.7,57.63582535825354
2023-10-14,1,wk inc hosp,2023-10-21,42,quantile,0.75,63.36330113301135
2023-10-14,1,wk inc hosp,2023-10-21,42,quantile,0.8,71.429794297943
2023-10-14,1,wk inc hosp,2023-10-21,42,quantile,0.85,84.99602346023458
2023-10-14,1,wk inc hosp,2023-10-21,42,quantile,0.9,112.93436934369355
2023-10-14,1,wk inc hosp,2023-10-21,42,quantile,0.95,191.88260982609825
2023-10-14,1,wk inc hosp,2023-10-21,42,quantile,0.975,326.1305063050628
2023-10-14,1,wk inc hosp,2023-10-21,42,quantile,0.99,429.8907920079173
2023-10-14,1,wk inc hosp,2023-10-21,44,quantile,0.01,0
2023-10-14,1,wk inc hosp,2023-10-21,44,quantile,0.025,0
2023-10-14,1,wk inc hosp,2023-10-21,44,quantile,0.05,0
2023-10-14,1,wk inc hosp,2023-10-21,44,quantile,0.1,0
2023-10-14,1,wk inc hosp,2023-10-21,44,quantile,0.15,0
2023-10-14,1,wk inc hosp,2023-10-21,44,quantile,0.2,0
2023-10-14,1,wk inc hosp,2023-10-21,44,quantile,0.25,0
2023-10-14,1,wk inc hosp,2023-10-21,44,quantile,0.3,0
2023-10-14,1,wk inc hosp,2023-10-21,44,quantile,0.35,0
2023-10-14,1,wk inc hosp,2023-10-21,44,quantile,0.4,1
2023-10-14,1,wk inc hosp,2023-10-21,44,quantile,0.45,1
2023-10-14,1,wk inc hosp,2023-10-21,44,quantile,0.5,1
2023-10-14,1,wk inc hosp,2023-10-21,44,quantile,0.55,1.093040430404312
2023-10-14,1,wk inc hosp,2023-10-21,44,quantile,0.6,2
2023-10-14,1,wk inc hosp,2023-10-21,44,quantile,0.65,2
2023-10-14,1,wk inc hosp,2023-10-21,44,quantile,0.7,2.964086640866405
2023-10-14,1,wk inc hosp,2023-10-21,44,quantile,0.75,3
2023-10-14,1,wk inc hosp,2023-10-21,44,quantile,0.8,4
2023-10-14,1,wk inc hosp,2023-10-21,44,quantile,0.85,5
2023-10-14,1,wk inc hosp,2023-10-21,44,quantile,0.9,7
2023-10-14,1,wk inc hosp,2023-10-21,44,quantile,0.95,12.912171621716226
2023-10-14,1,wk inc hosp,2023-10-21,44,quantile,0.975,19.66204162041618
2023-10-14,1,wk inc hosp,2023-10-21,44,quantile,0.99,29.26407904079029
2023-10-14,1,wk inc hosp,2023-10-21,45,quantile,0.01,0
2023-10-14,1,wk inc hosp,2023-10-21,45,quantile,0.025,0
2023-10-14,1,wk inc hosp,2023-10-21,45,quantile,0.05,0
2023-10-14,1,wk inc hosp,2023-10-21,45,quantile,0.1,1.9671266712667215
2023-10-14,1,wk inc hosp,2023-10-21,45,quantile,0.15,6.80220952209522
2023-10-14,1,wk inc hosp,2023-10-21,45,quantile,0.2,10
2023-10-14,1,wk inc hosp,2023-10-21,45,quantile,0.25,12.919079190791921
2023-10-14,1,wk inc hosp,2023-10-21,45,quantile,0.3,15
2023-10-14,1,wk inc hosp,2023-10-21,45,quantile,0.35,17
2023-10-14,1,wk inc hosp,2023-10-21,45,quantile,0.4,19
2023-10-14,1,wk inc hosp,2023-10-21,45,quantile,0.45,20.38099980999811
2023-10-14,1,wk inc hosp,2023-10-21,45,quantile,0.5,22
2023-10-14,1,wk inc hosp,2023-10-21,45,quantile,0.55,24
2023-10-14,1,wk inc hosp,2023-10-21,45,quantile,0.6,25.245056450564494
2023-10-14,1,wk inc hosp,2023-10-21,45,quantile,0.65,27
2023-10-14,1,wk inc hosp,2023-10-21,45,quantile,0.7,29
2023-10-14,1,wk inc hosp,2023-10-21,45,quantile,0.75,31.67547675476756
2023-10-14,1,wk inc hosp,2023-10-21,45,quantile,0.8,34
2023-10-14,1,wk inc hosp,2023-10-21,45,quantile,0.85,38
2023-10-14,1,wk inc hosp,2023-10-21,45,quantile,0.9,45.07628776287765
2023-10-14,1,wk inc hosp,2023-10-21,45,quantile,0.95,61.60123201232015
2023-10-14,1,wk inc hosp,2023-10-21,45,quantile,0.975,96.81862243622446
2023-10-14,1,wk inc hosp,2023-10-21,45,quantile,0.99,110.49876698766987
2023-10-14,1,wk inc hosp,2023-10-21,46,quantile,0.01,0
2023-10-14,1,wk inc hosp,2023-10-21,46,quantile,0.025,0
2023-10-14,1,wk inc hosp,2023-10-21,46,quantile,0.05,0
2023-10-14,1,wk inc hosp,2023-10-21,46,quantile,0.1,0
2023-10-14,1,wk inc hosp,2023-10-21,46,quantile,0.15,0
2023-10-14,1,wk inc hosp,2023-10-21,46,quantile,0.2,0
2023-10-14,1,wk inc hosp,2023-10-21,46,quantile,0.25,0
2023-10-14,1,wk inc hosp,2023-10-21,46,quantile,0.3,0
2023-10-14,1,wk inc hosp,2023-10-21,46,quantile,0.35,0
2023-10-14,1,wk inc hosp,2023-10-21,46,quantile,0.4,0
2023-10-14,1,wk inc hosp,2023-10-21,46,quantile,0.45,0
2023-10-14,1,wk inc hosp,2023-10-21,46,quantile,0.5,0
2023-10-14,1,wk inc hosp,2023-10-21,46,quantile,0.55,1
2023-10-14,1,wk inc hosp,2023-10-21,46,quantile,0.6,1
2023-10-14,1,wk inc hosp,2023-10-21,46,quantile,0.65,2
2023-10-14,1,wk inc hosp,2023-10-21,46,quantile,0.7,3
2023-10-14,1,wk inc hosp,2023-10-21,46,quantile,0.75,5
2023-10-14,1,wk inc hosp,2023-10-21,46,quantile,0.8,6.136519365193676
2023-10-14,1,wk inc hosp,2023-10-21,46,quantile,0.85,9
2023-10-14,1,wk inc hosp,2023-10-21,46,quantile,0.9,11.469958699587
2023-10-14,1,wk inc hosp,2023-10-21,46,quantile,0.95,17.856875568755665
2023-10-14,1,wk inc hosp,2023-10-21,46,quantile,0.975,24.51764317643164
2023-10-14,1,wk inc hosp,2023-10-21,46,quantile,0.99,35.92191461914613
2023-10-14,1,wk inc hosp,2023-10-21,47,quantile,0.01,0
2023-10-14,1,wk inc hosp,2023-10-21,47,quantile,0.025,0
2023-10-14,1,wk inc hosp,2023-10-21,47,quantile,0.05,0
2023-10-14,1,wk inc hosp,2023-10-21,47,quantile,0.1,0
2023-10-14,1,wk inc hosp,2023-10-21,47,quantile,0.15,4.9404974049740495
2023-10-14,1,wk inc hosp,2023-10-21,47,quantile,0.2,10
2023-10-14,1,wk inc hosp,2023-10-21,47,quantile,0.25,14
2023-10-14,1,wk inc hosp,2023-10-21,47,quantile,0.3,17.931686316863164
2023-10-14,1,wk inc hosp,2023-10-21,47,quantile,0.35,21
2023-10-14,1,wk inc hosp,2023-10-21,47,quantile,0.4,24
2023-10-14,1,wk inc hosp,2023-10-21,47,quantile,0.45,26.511136111361118
2023-10-14,1,wk inc hosp,2023-10-21,47,quantile,0.5,29
2023-10-14,1,wk inc hosp,2023-10-21,47,quantile,0.55,32
2023-10-14,1,wk inc hosp,2023-10-21,47,quantile,0.6,34.44044640446404
2023-10-14,1,wk inc hosp,2023-10-21,47,quantile,0.65,37.41834468344685
2023-10-14,1,wk inc hosp,2023-10-21,47,quantile,0.7,40.97593475934757
2023-10-14,1,wk inc hosp,2023-10-21,47,quantile,0.75,44.30267052670527
2023-10-14,1,wk inc hosp,2023-10-21,47,quantile,0.8,49
2023-10-14,1,wk inc hosp,2023-10-21,47,quantile,0.85,55.43428034280343
2023-10-14,1,wk inc hosp,2023-10-21,47,quantile,0.9,67.09075690756906
2023-10-14,1,wk inc hosp,2023-10-21,47,quantile,0.95,120.55851258512538
2023-10-14,1,wk inc hosp,2023-10-21,47,quantile,0.975,221.96207312073113
2023-10-14,1,wk inc hosp,2023-10-21,47,quantile,0.99,243.8958427584275
2023-10-14,1,wk inc hosp,2023-10-21,48,quantile,0.01,0
2023-10-14,1,wk inc hosp,2023-10-21,48,quantile,0.025,0
2023-10-14,1,wk inc hosp,2023-10-21,48,quantile,0.05,0
2023-10-14,1,wk inc hosp,2023-10-21,48,quantile,0.1,0
2023-10-14,1,wk inc hosp,2023-10-21,48,quantile,0.15,10.798917989179884
2023-10-14,1,wk inc hosp,2023-10-21,48,quantile,0.2,39.69481694816947
2023-10-14,1,wk inc hosp,2023-10-21,48,quantile,0.25,72.82713827138271
2023-10-14,1,wk inc hosp,2023-10-21,48,quantile,0.3,85.6224282242822
2023-10-14,1,wk inc hosp,2023-10-21,48,quantile,0.35,93.79891798917988
2023-10-14,1,wk inc hosp,2023-10-21,48,quantile,0.4,100.65760457604576
2023-10-14,1,wk inc hosp,2023-10-21,48,quantile,0.45,106.70454404544046
2023-10-14,1,wk inc hosp,2023-10-21,48,quantile,0.5,112
2023-10-14,1,wk inc hosp,2023-10-21,48,quantile,0.55,117.90335653356533
2023-10-14,1,wk inc hosp,2023-10-21,48,quantile,0.6,124.2141261412614
2023-10-14,1,wk inc hosp,2023-10-21,48,quantile,0.65,130.79891798917987
2023-10-14,1,wk inc hosp,2023-10-21,48,quantile,0.7,139.88501985019835
2023-10-14,1,wk inc hosp,2023-10-21,48,quantile,0.75,154.43310933109328
2023-10-14,1,wk inc hosp,2023-10-21,48,quantile,0.8,191.92946929469332
2023-10-14,1,wk inc hosp,2023-10-21,48,quantile,0.85,234.8491594915945
2023-10-14,1,wk inc hosp,2023-10-21,48,quantile,0.9,293.20335503355045
2023-10-14,1,wk inc hosp,2023-10-21,48,quantile,0.95,398.7588385883855
2023-10-14,1,wk inc hosp,2023-10-21,48,quantile,0.975,529.8644986449863
2023-10-14,1,wk inc hosp,2023-10-21,48,quantile,0.99,625.6092662926629
2023-10-14,1,wk inc hosp,2023-10-21,49,quantile,0.01,0
2023-10-14,1,wk inc hosp,2023-10-21,49,quantile,0.025,0
2023-10-14,1,wk inc hosp,2023-10-21,49,quantile,0.05,0
2023-10-14,1,wk inc hosp,2023-10-21,49,quantile,0.1,0
2023-10-14,1,wk inc hosp,2023-10-21,49,quantile,0.15,0
2023-10-14,1,wk inc hosp,2023-10-21,49,quantile,0.2,0
2023-10-14,1,wk inc hosp,2023-10-21,49,quantile,0.25,1
2023-10-14,1,wk inc hosp,2023-10-21,49,quantile,0.3,1
2023-10-14,1,wk inc hosp,2023-10-21,49,quantile,0.35,2
2023-10-14,1,wk inc hosp,2023-10-21,49,quantile,0.4,3
2023-10-14,1,wk inc hosp,2023-10-21,49,quantile,0.45,3.8144816448164574
2023-10-14,1,wk inc hosp,2023-10-21,49,quantile,0.5,4
2023-10-14,1,wk inc hosp,2023-10-21,49,quantile,0.55,5
2023-10-14,1,wk inc hosp,2023-10-21,49,quantile,0.6,5
2023-10-14,1,wk inc hosp,2023-10-21,49,quantile,0.65,6
2023-10-14,1,wk inc hosp,2023-10-21,49,quantile,0.7,7
2023-10-14,1,wk inc hosp,2023-10-21,49,quantile,0.75,8
2023-10-14,1,wk inc hosp,2023-10-21,49,quantile,0.8,9
2023-10-14,1,wk inc hosp,2023-10-21,49,quantile,0.85,11
2023-10-14,1,wk inc hosp,2023-10-21,49,quantile,0.9,14.443830438304406
2023-10-14,1,wk inc hosp,2023-10-21,49,quantile,0.95,22.459770097700957
2023-10-14,1,wk inc hosp,2023-10-21,49,quantile,0.975,26.958194831948322
2023-10-14,1,wk inc hosp,2023-10-21,49,quantile,0.99,34.35711967119653
2023-10-14,1,wk inc hosp,2023-10-21,50,quantile,0.01,0
2023-10-14,1,wk inc hosp,2023-10-21,50,quantile,0.025,0
2023-10-14,1,wk inc hosp,2023-10-21,50,quantile,0.05,0
2023-10-14,1,wk inc hosp,2023-10-21,50,quantile,0.1,0
2023-10-14,1,wk inc hosp,2023-10-21,50,quantile,0.15,0
2023-10-14,1,wk inc hosp,2023-10-21,50,quantile,0.2,0
2023-10-14,1,wk inc hosp,2023-10-21,50,quantile,0.25,0
2023-10-14,1,wk inc hosp,2023-10-21,50,quantile,0.3,0
2023-10-14,1,wk inc hosp,2023-10-21,50,quantile,0.35,0
2023-10-14,1,wk inc hosp,2023-10-21,50,quantile,0.4,0
2023-10-14,1,wk inc hosp,2023-10-21,50,quantile,0.45,0
2023-10-14,1,wk inc hosp,2023-10-21,50,quantile,0.5,0
2023-10-14,1,wk inc hosp,2023-10-21,50,quantile,0.55,1
2023-10-14,1,wk inc hosp,2023-10-21,50,quantile,0.6,1
2023-10-14,1,wk inc hosp,2023-10-21,50,quantile,0.65,1
2023-10-14,1,wk inc hosp,2023-10-21,50,quantile,0.7,1.7837078370783672
2023-10-14,1,wk inc hosp,2023-10-21,50,quantile,0.75,2
2023-10-14,1,wk inc hosp,2023-10-21,50,quantile,0.8,2.854584545845484
2023-10-14,1,wk inc hosp,2023-10-21,50,quantile,0.85,3.252853028530284
2023-10-14,1,wk inc hosp,2023-10-21,50,quantile,0.9,5
2023-10-14,1,wk inc hosp,2023-10-21,50,quantile,0.95,12
2023-10-14,1,wk inc hosp,2023-10-21,50,quantile,0.975,18.032164571645634
2023-10-14,1,wk inc hosp,2023-10-21,50,quantile,0.99,30.895594455944433
2023-10-14,1,wk inc hosp,2023-10-21,51,quantile,0.01,0
2023-10-14,1,wk inc hosp,2023-10-21,51,quantile,0.025,0
2023-10-14,1,wk inc hosp,2023-10-21,51,quantile,0.05,0
2023-10-14,1,wk inc hosp,2023-10-21,51,quantile,0.1,16.28546185461856
2023-10-14,1,wk inc hosp,2023-10-21,51,quantile,0.15,27
2023-10-14,1,wk inc hosp,2023-10-21,51,quantile,0.2,32.35516955169552
2023-10-14,1,wk inc hosp,2023-10-21,51,quantile,0.25,36.255610056100565
2023-10-14,1,wk inc hosp,2023-10-21,51,quantile,0.3,39.96846268462684
2023-10-14,1,wk inc hosp,2023-10-21,51,quantile,0.35,42.510770607706064
2023-10-14,1,wk inc hosp,2023-10-21,51,quantile,0.4,45
2023-10-14,1,wk inc hosp,2023-10-21,51,quantile,0.45,47.91553515535155
2023-10-14,1,wk inc hosp,2023-10-21,51,quantile,0.5,50
2023-10-14,1,wk inc hosp,2023-10-21,51,quantile,0.55,52.38813938139383
2023-10-14,1,wk inc hosp,2023-10-21,51,quantile,0.6,55
2023-10-14,1,wk inc hosp,2023-10-21,51,quantile,0.65,57.65060700607005
2023-10-14,1,wk inc hosp,2023-10-21,51,quantile,0.7,60.12691426914266
2023-10-14,1,wk inc hosp,2023-10-21,51,quantile,0.75,63.97063720637206
2023-10-14,1,wk inc hosp,2023-10-21,51,quantile,0.8,67.90949109491098
2023-10-14,1,wk inc hosp,2023-10-21,51,quantile,0.85,73.14301643016431
2023-10-14,1,wk inc hosp,2023-10-21,51,quantile,0.9,86
2023-10-14,1,wk inc hosp,2023-10-21,51,quantile,0.95,143.29706147061427
2023-10-14,1,wk inc hosp,2023-10-21,51,quantile,0.975,171.62623701236987
2023-10-14,1,wk inc hosp,2023-10-21,51,quantile,0.99,187.3442489424894
2023-10-14,1,wk inc hosp,2023-10-21,53,quantile,0.01,0
2023-10-14,1,wk inc hosp,2023-10-21,53,quantile,0.025,0
2023-10-14,1,wk inc hosp,2023-10-21,53,quantile,0.05,0
2023-10-14,1,wk inc hosp,2023-10-21,53,quantile,0.1,0
2023-10-14,1,wk inc hosp,2023-10-21,53,quantile,0.15,0
2023-10-14,1,wk inc hosp,2023-10-21,53,quantile,0.2,0
2023-10-14,1,wk inc hosp,2023-10-21,53,quantile,0.25,0
2023-10-14,1,wk inc hosp,2023-10-21,53,quantile,0.3,0
2023-10-14,1,wk inc hosp,2023-10-21,53,quantile,0.35,0
2023-10-14,1,wk inc hosp,2023-10-21,53,quantile,0.4,1.4118381183811815
2023-10-14,1,wk inc hosp,2023-10-21,53,quantile,0.45,3
2023-10-14,1,wk inc hosp,2023-10-21,53,quantile,0.5,4
2023-10-14,1,wk inc hosp,2023-10-21,53,quantile,0.55,6
2023-10-14,1,wk inc hosp,2023-10-21,53,quantile,0.6,7
2023-10-14,1,wk inc hosp,2023-10-21,53,quantile,0.65,9
2023-10-14,1,wk inc hosp,2023-10-21,53,quantile,0.7,11
2023-10-14,1,wk inc hosp,2023-10-21,53,quantile,0.75,14
2023-10-14,1,wk inc hosp,2023-10-21,53,quantile,0.8,18
2023-10-14,1,wk inc hosp,2023-10-21,53,quantile,0.85,23
2023-10-14,1,wk inc hosp,2023-10-21,53,quantile,0.9,36.04283342833444
2023-10-14,1,wk inc hosp,2023-10-21,53,quantile,0.95,103.33569685696732
2023-10-14,1,wk inc hosp,2023-10-21,53,quantile,0.975,180.0928171781716
2023-10-14,1,wk inc hosp,2023-10-21,53,quantile,0.99,307.54257792577846
2023-10-14,1,wk inc hosp,2023-10-21,54,quantile,0.01,0
2023-10-14,1,wk inc hosp,2023-10-21,54,quantile,0.025,0
2023-10-14,1,wk inc hosp,2023-10-21,54,quantile,0.05,0
2023-10-14,1,wk inc hosp,2023-10-21,54,quantile,0.1,0
2023-10-14,1,wk inc hosp,2023-10-21,54,quantile,0.15,0
2023-10-14,1,wk inc hosp,2023-10-21,54,quantile,0.2,0
2023-10-14,1,wk inc hosp,2023-10-21,54,quantile,0.25,0
2023-10-14,1,wk inc hosp,2023-10-21,54,quantile,0.3,0
2023-10-14,1,wk inc hosp,2023-10-21,54,quantile,0.35,0
2023-10-14,1,wk inc hosp,2023-10-21,54,quantile,0.4,0
2023-10-14,1,wk inc hosp,2023-10-21,54,quantile,0.45,0.9631596315963122
2023-10-14,1,wk inc hosp,2023-10-21,54,quantile,0.5,2
2023-10-14,1,wk inc hosp,2023-10-21,54,quantile,0.55,3.507694076940788
2023-10-14,1,wk inc hosp,2023-10-21,54,quantile,0.6,4.963159631596312
2023-10-14,1,wk inc hosp,2023-10-21,54,quantile,0.65,5.963159631596312
2023-10-14,1,wk inc hosp,2023-10-21,54,quantile,0.7,6.963159631596312
2023-10-14,1,wk inc hosp,2023-10-21,54,quantile,0.75,8.963159631596312
2023-10-14,1,wk inc hosp,2023-10-21,54,quantile,0.8,11.314661146611467
2023-10-14,1,wk inc hosp,2023-10-21,54,quantile,0.85,15.963159631596312
2023-10-14,1,wk inc hosp,2023-10-21,54,quantile,0.9,26.669037690376996
2023-10-14,1,wk inc hosp,2023-10-21,54,quantile,0.95,46.4497734977348
2023-10-14,1,wk inc hosp,2023-10-21,54,quantile,0.975,68.20676156761536
2023-10-14,1,wk inc hosp,2023-10-21,54,quantile,0.99,114.52508845088497
2023-10-14,1,wk inc hosp,2023-10-21,55,quantile,0.01,0
2023-10-14,1,wk inc hosp,2023-10-21,55,quantile,0.025,0
2023-10-14,1,wk inc hosp,2023-10-21,55,quantile,0.05,0
2023-10-14,1,wk inc hosp,2023-10-21,55,quantile,0.1,0
2023-10-14,1,wk inc hosp,2023-10-21,55,quantile,0.15,0
2023-10-14,1,wk inc hosp,2023-10-21,55,quantile,0.2,0
2023-10-14,1,wk inc hosp,2023-10-21,55,quantile,0.25,2
2023-10-14,1,wk inc hosp,2023-10-21,55,quantile,0.3,4
2023-10-14,1,wk inc hosp,2023-10-21,55,quantile,0.35,6
2023-10-14,1,wk inc hosp,2023-10-21,55,quantile,0.4,7
2023-10-14,1,wk inc hosp,2023-10-21,55,quantile,0.45,9
2023-10-14,1,wk inc hosp,2023-10-21,55,quantile,0.5,10
2023-10-14,1,wk inc hosp,2023-10-21,55,quantile,0.55,12
2023-10-14,1,wk inc hosp,2023-10-21,55,quantile,0.6,13.274410744107435
2023-10-14,1,wk inc hosp,2023-10-21,55,quantile,0.65,15.002741027410279
2023-10-14,1,wk inc hosp,2023-10-21,55,quantile,0.7,17.805847058470594
2023-10-14,1,wk inc hosp,2023-10-21,55,quantile,0.75,20.659966599666006
2023-10-14,1,wk inc hosp,2023-10-21,55,quantile,0.8,24.51940719407198
2023-10-14,1,wk inc hosp,2023-10-21,55,quantile,0.85,30.340491404914054
2023-10-14,1,wk inc hosp,2023-10-21,55,quantile,0.9,42.19811598115982
2023-10-14,1,wk inc hosp,2023-10-21,55,quantile,0.95,73.20379703797033
2023-10-14,1,wk inc hosp,2023-10-21,55,quantile,0.975,157.6412696626966
2023-10-14,1,wk inc hosp,2023-10-21,55,quantile,0.99,184.85655086550832
2023-10-14,1,wk inc hosp,2023-10-21,56,quantile,0.01,0
2023-10-14,1,wk inc hosp,2023-10-21,56,quantile,0.025,0
2023-10-14,1,wk inc hosp,2023-10-21,56,quantile,0.05,0
2023-10-14,1,wk inc hosp,2023-10-21,56,quantile,0.1,0
2023-10-14,1,wk inc hosp,2023-10-21,56,quantile,0.15,1.246165961659615
2023-10-14,1,wk inc hosp,2023-10-21,56,quantile,0.2,3
2023-10-14,1,wk inc hosp,2023-10-21,56,quantile,0.25,4
2023-10-14,1,wk inc hosp,2023-10-21,56,quantile,0.3,4
2023-10-14,1,wk inc hosp,2023-10-21,56,quantile,0.35,5
2023-10-14,1,wk inc hosp,2023-10-21,56,quantile,0.4,5
2023-10-14,1,wk inc hosp,2023-10-21,56,quantile,0.45,6
2023-10-14,1,wk inc hosp,2023-10-21,56,quantile,0.5,6
2023-10-14,1,wk inc hosp,2023-10-21,56,quantile,0.55,6
2023-10-14,1,wk inc hosp,2023-10-21,56,quantile,0.6,7
2023-10-14,1,wk inc hosp,2023-10-21,56,quantile,0.65,7
2023-10-14,1,wk inc hosp,2023-10-21,56,quantile,0.7,8
2023-10-14,1,wk inc hosp,2023-10-21,56,quantile,0.75,8.305643056430561
2023-10-14,1,wk inc hosp,2023-10-21,56,quantile,0.8,9.343005430054319
2023-10-14,1,wk inc hosp,2023-10-21,56,quantile,0.85,11
2023-10-14,1,wk inc hosp,2023-10-21,56,quantile,0.9,13
2023-10-14,1,wk inc hosp,2023-10-21,56,quantile,0.95,21.073472234722317
2023-10-14,1,wk inc hosp,2023-10-21,56,quantile,0.975,31.266959169591647
2023-10-14,1,wk inc hosp,2023-10-21,56,quantile,0.99,39.55434884348845
2023-10-14,1,wk inc hosp,2023-10-21,72,quantile,0.01,48.027581475814756
2023-10-14,1,wk inc hosp,2023-10-21,72,quantile,0.025,59.91186586865869
2023-10-14,1,wk inc hosp,2023-10-21,72,quantile,0.05,72.66837818378184
2023-10-14,1,wk inc hosp,2023-10-21,72,quantile,0.1,84
2023-10-14,1,wk inc hosp,2023-10-21,72,quantile,0.15,89.36804868048682
2023-10-14,1,wk inc hosp,2023-10-21,72,quantile,0.2,93.40635806358063
2023-10-14,1,wk inc hosp,2023-10-21,72,quantile,0.25,96.98828738287382
2023-10-14,1,wk inc hosp,2023-10-21,72,quantile,0.3,99.80938209382094
2023-10-14,1,wk inc hosp,2023-10-21,72,quantile,0.35,102
2023-10-14,1,wk inc hosp,2023-10-21,72,quantile,0.4,104.88736887368873
2023-10-14,1,wk inc hosp,2023-10-21,72,quantile,0.45,107
2023-10-14,1,wk inc hosp,2023-10-21,72,quantile,0.5,109
2023-10-14,1,wk inc hosp,2023-10-21,72,quantile,0.55,111
2023-10-14,1,wk inc hosp,2023-10-21,72,quantile,0.6,113.3831058310583
2023-10-14,1,wk inc hosp,2023-10-21,72,quantile,0.65,116
2023-10-14,1,wk inc hosp,2023-10-21,72,quantile,0.7,118.47570775707756
2023-10-14,1,wk inc hosp,2023-10-21,72,quantile,0.75,121
2023-10-14,1,wk inc hosp,2023-10-21,72,quantile,0.8,124.56644166441671
2023-10-14,1,wk inc hosp,2023-10-21,72,quantile,0.85,128.54345743457438
2023-10-14,1,wk inc hosp,2023-10-21,72,quantile,0.9,134
2023-10-14,1,wk inc hosp,2023-10-21,72,quantile,0.95,145
2023-10-14,1,wk inc hosp,2023-10-21,72,quantile,0.975,157.55826958269574
2023-10-14,1,wk inc hosp,2023-10-21,72,quantile,0.99,169.53649956499572
2023-10-14,1,wk inc hosp,2023-10-21,US,quantile,0.01,0
2023-10-14,1,wk inc hosp,2023-10-21,US,quantile,0.025,0
2023-10-14,1,wk inc hosp,2023-10-21,US,quantile,0.05,0
2023-10-14,1,wk inc hosp,2023-10-21,US,quantile,0.1,37.49398093980922
2023-10-14,1,wk inc hosp,2023-10-21,US,quantile,0.15,476.92258322583245
2023-10-14,1,wk inc hosp,2023-10-21,US,quantile,0.2,689.2157101571016
2023-10-14,1,wk inc hosp,2023-10-21,US,quantile,0.25,809.5283027830278
2023-10-14,1,wk inc hosp,2023-10-21,US,quantile,0.3,899.2884978849788
2023-10-14,1,wk inc hosp,2023-10-21,US,quantile,0.35,968.1212912129122
2023-10-14,1,wk inc hosp,2023-10-21,US,quantile,0.4,1024.3840178401783
2023-10-14,1,wk inc hosp,2023-10-21,US,quantile,0.45,1074.0928229282295
2023-10-14,1,wk inc hosp,2023-10-21,US,quantile,0.5,1116
2023-10-14,1,wk inc hosp,2023-10-21,US,quantile,0.55,1160.4725402254026
2023-10-14,1,wk inc hosp,2023-10-21,US,quantile,0.6,1210.6370403704036
2023-10-14,1,wk inc hosp,2023-10-21,US,quantile,0.65,1267.4370663706636
2023-10-14,1,wk inc hosp,2023-10-21,US,quantile,0.7,1336.9750857508575
2023-10-14,1,wk inc hosp,2023-10-21,US,quantile,0.75,1426.8918064180646
2023-10-14,1,wk inc hosp,2023-10-21,US,quantile,0.8,1554.7888558885597
2023-10-14,1,wk inc hosp,2023-10-21,US,quantile,0.85,1786.9594835948358
2023-10-14,1,wk inc hosp,2023-10-21,US,quantile,0.9,3038.0292482924783
2023-10-14,1,wk inc hosp,2023-10-21,US,quantile,0.95,3790.4929954299528
2023-10-14,1,wk inc hosp,2023-10-21,US,quantile,0.975,7243.994593695918
2023-10-14,1,wk inc hosp,2023-10-21,US,quantile,0.99,8555.717193371916
2023-10-14,2,wk inc hosp,2023-10-28,01,quantile,0.01,0
2023-10-14,2,wk inc hosp,2023-10-28,01,quantile,0.025,0
2023-10-14,2,wk inc hosp,2023-10-28,01,quantile,0.05,0
2023-10-14,2,wk inc hosp,2023-10-28,01,quantile,0.1,0
2023-10-14,2,wk inc hosp,2023-10-28,01,quantile,0.15,0
2023-10-14,2,wk inc hosp,2023-10-28,01,quantile,0.2,1.1401454014540118
2023-10-14,2,wk inc hosp,2023-10-28,01,quantile,0.25,5.530745307453072
2023-10-14,2,wk inc hosp,2023-10-28,01,quantile,0.3,8.918789187891875
2023-10-14,2,wk inc hosp,2023-10-28,01,quantile,0.35,11.918789187891875
2023-10-14,2,wk inc hosp,2023-10-28,01,quantile,0.4,14.918789187891875
2023-10-14,2,wk inc hosp,2023-10-28,01,quantile,0.45,17.788430884308845
2023-10-14,2,wk inc hosp,2023-10-28,01,quantile,0.5,20
2023-10-14,2,wk inc hosp,2023-10-28,01,quantile,0.55,22.918789187891875
2023-10-14,2,wk inc hosp,2023-10-28,01,quantile,0.6,25.918789187891875
2023-10-14,2,wk inc hosp,2023-10-28,01,quantile,0.65,28.918789187891875
2023-10-14,2,wk inc hosp,2023-10-28,01,quantile,0.7,32.043502435024315
2023-10-14,2,wk inc hosp,2023-10-28,01,quantile,0.75,36.186474364743674
2023-10-14,2,wk inc hosp,2023-10-28,01,quantile,0.8,41.68894688946891
2023-10-14,2,wk inc hosp,2023-10-28,01,quantile,0.85,50.34162641626413
2023-10-14,2,wk inc hosp,2023-10-28,01,quantile,0.9,68.88042880428797
2023-10-14,2,wk inc hosp,2023-10-28,01,quantile,0.95,114.44438844388439
2023-10-14,2,wk inc hosp,2023-10-28,01,quantile,0.975,138.2997899978998
2023-10-14,2,wk inc hosp,2023-10-28,01,quantile,0.99,153.54996459964605
2023-10-14,2,wk inc hosp,2023-10-28,02,quantile,0.01,0
2023-10-14,2,wk inc hosp,2023-10-28,02,quantile,0.025,0
2023-10-14,2,wk inc hosp,2023-10-28,02,quantile,0.05,0
2023-10-14,2,wk inc hosp,2023-10-28,02,quantile,0.1,0
2023-10-14,2,wk inc hosp,2023-10-28,02,quantile,0.15,1.7924264242642423
2023-10-14,2,wk inc hosp,2023-10-28,02,quantile,0.2,4
2023-10-14,2,wk inc hosp,2023-10-28,02,quantile,0.25,5
2023-10-14,2,wk inc hosp,2023-10-28,02,quantile,0.3,6.504050040500401
2023-10-14,2,wk inc hosp,2023-10-28,02,quantile,0.35,7.518788687886877
2023-10-14,2,wk inc hosp,2023-10-28,02,quantile,0.4,8.015190151901521
2023-10-14,2,wk inc hosp,2023-10-28,02,quantile,0.45,9
2023-10-14,2,wk inc hosp,2023-10-28,02,quantile,0.5,10
2023-10-14,2,wk inc hosp,2023-10-28,02,quantile,0.55,11
2023-10-14,2,wk inc hosp,2023-10-28,02,quantile,0.6,12
2023-10-14,2,wk inc hosp,2023-10-28,02,quantile,0.65,12.939740897408969
2023-10-14,2,wk inc hosp,2023-10-28,02,quantile,0.7,13.965280652806516
2023-10-14,2,wk inc hosp,2023-10-28,02,quantile,0.75,15
2023-10-14,2,wk inc hosp,2023-10-28,02,quantile,0.8,16.47481874818748
2023-10-14,2,wk inc hosp,2023-10-28,02,quantile,0.85,19.18925489254891
2023-10-14,2,wk inc hosp,2023-10-28,02,quantile,0.9,24
2023-10-14,2,wk inc hosp,2023-10-28,02,quantile,0.95,30.976755767557655
2023-10-14,2,wk inc hosp,2023-10-28,02,quantile,0.975,35.81199986999871
2023-10-14,2,wk inc hosp,2023-10-28,02,quantile,0.99,40.90837848378484
2023-10-14,2,wk inc hosp,2023-10-28,04,quantile,0.01,0
2023-10-14,2,wk inc hosp,2023-10-28,04,quantile,0.025,0
2023-10-14,2,wk inc hosp,2023-10-28,04,quantile,0.05,0
2023-10-14,2,wk inc hosp,2023-10-28,04,quantile,0.1,0
2023-10-14,2,wk inc hosp,2023-10-28,04,quantile,0.15,0
2023-10-14,2,wk inc hosp,2023-10-28,04,quantile,0.2,0
2023-10-14,2,wk inc hosp,2023-10-28,04,quantile,0.25,0
2023-10-14,2,wk inc hosp,2023-10-28,04,quantile,0.3,0
2023-10-14,2,wk inc hosp,2023-10-28,04,quantile,0.35,3
2023-10-14,2,wk inc hosp,2023-10-28,04,quantile,0.4,7.3014150141501535
2023-10-14,2,wk inc hosp,2023-10-28,04,quantile,0.45,11.727022270222704
2023-10-14,2,wk inc hosp,2023-10-28,04,quantile,0.5,16
2023-10-14,2,wk inc hosp,2023-10-28,04,quantile,0.55,20.385707357073592
2023-10-14,2,wk inc hosp,2023-10-28,04,quantile,0.6,25.250170501705007
2023-10-14,2,wk inc hosp,2023-10-28,04,quantile,0.65,30.783639336393357
2023-10-14,2,wk inc hosp,2023-10-28,04,quantile,0.7,37.198244982449836
2023-10-14,2,wk inc hosp,2023-10-28,04,quantile,0.75,45.57057570575704
2023-10-14,2,wk inc hosp,2023-10-28,04,quantile,0.8,57.43690836908367
2023-10-14,2,wk inc hosp,2023-10-28,04,quantile,0.85,75
2023-10-14,2,wk inc hosp,2023-10-28,04,quantile,0.9,114.14136441364401
2023-10-14,2,wk inc hosp,2023-10-28,04,quantile,0.95,226.15328503284977
2023-10-14,2,wk inc hosp,2023-10-28,04,quantile,0.975,264.35151026510255
2023-10-14,2,wk inc hosp,2023-10-28,04,quantile,0.99,297.53246182461817
2023-10-14,2,wk inc hosp,2023-10-28,05,quantile,0.01,0
2023-10-14,2,wk inc hosp,2023-10-28,05,quantile,0.025,0
2023-10-14,2,wk inc hosp,2023-10-28,05,quantile,0.05,0
2023-10-14,2,wk inc hosp,2023-10-28,05,quantile,0.1,0
2023-10-14,2,wk inc hosp,2023-10-28,05,quantile,0.15,0
2023-10-14,2,wk inc hosp,2023-10-28,05,quantile,0.2,0
2023-10-14,2,wk inc hosp,2023-10-28,05,quantile,0.25,3.0226152261522508
2023-10-14,2,wk inc hosp,2023-10-28,05,quantile,0.3,6.72433824338243
2023-10-14,2,wk inc hosp,2023-10-28,05,quantile,0.35,9.619752697526977
2023-10-14,2,wk inc hosp,2023-10-28,05,quantile,0.4,12.030882308823092
2023-10-14,2,wk inc hosp,2023-10-28,05,quantile,0.45,14.761777617776179
2023-10-14,2,wk inc hosp,2023-10-28,05,quantile,0.5,17
2023-10-14,2,wk inc hosp,2023-10-28,05,quantile,0.55,19.76177761777618
2023-10-14,2,wk inc hosp,2023-10-28,05,quantile,0.6,22.290978909789082
2023-10-14,2,wk inc hosp,2023-10-28,05,quantile,0.65,25.079699796997982
2023-10-14,2,wk inc hosp,2023-10-28,05,quantile,0.7,28.748266482664825
2023-10-14,2,wk inc hosp,2023-10-28,05,quantile,0.75,32.761777617776175
2023-10-14,2,wk inc hosp,2023-10-28,05,quantile,0.8,38.761777617776175
2023-10-14,2,wk inc hosp,2023-10-28,05,quantile,0.85,49.235004350043496
2023-10-14,2,wk inc hosp,2023-10-28,05,quantile,0.9,65.87778077780769
2023-10-14,2,wk inc hosp,2023-10-28,05,quantile,0.95,90.17480574805734
2023-10-14,2,wk inc hosp,2023-10-28,05,quantile,0.975,124.6961012110115
2023-10-14,2,wk inc hosp,2023-10-28,05,quantile,0.99,167.30562065620632
2023-10-14,2,wk inc hosp,2023-10-28,06,quantile,0.01,0
2023-10-14,2,wk inc hosp,2023-10-28,06,quantile,0.025,0
2023-10-14,2,wk inc hosp,2023-10-28,06,quantile,0.05,0
2023-10-14,2,wk inc hosp,2023-10-28,06,quantile,0.1,0
2023-10-14,2,wk inc hosp,2023-10-28,06,quantile,0.15,0
2023-10-14,2,wk inc hosp,2023-10-28,06,quantile,0.2,0
2023-10-14,2,wk inc hosp,2023-10-28,06,quantile,0.25,2.448144481444828
2023-10-14,2,wk inc hosp,2023-10-28,06,quantile,0.3,13.14899648996491
2023-10-14,2,wk inc hosp,2023-10-28,06,quantile,0.35,22.303184031840324
2023-10-14,2,wk inc hosp,2023-10-28,06,quantile,0.4,30.312957129571338
2023-10-14,2,wk inc hosp,2023-10-28,06,quantile,0.45,37.55170201702018
2023-10-14,2,wk inc hosp,2023-10-28,06,quantile,0.5,45
2023-10-14,2,wk inc hosp,2023-10-28,06,quantile,0.55,52.44814448144483
2023-10-14,2,wk inc hosp,2023-10-28,06,quantile,0.6,60.44814448144483
2023-10-14,2,wk inc hosp,2023-10-28,06,quantile,0.65,69.60323853238538
2023-10-14,2,wk inc hosp,2023-10-28,06,quantile,0.7,81.40771607716076
2023-10-14,2,wk inc hosp,2023-10-28,06,quantile,0.75,97.36403364033634
2023-10-14,2,wk inc hosp,2023-10-28,06,quantile,0.8,120.78965589655901
2023-10-14,2,wk inc hosp,2023-10-28,06,quantile,0.85,183.41838768387692
2023-10-14,2,wk inc hosp,2023-10-28,06,quantile,0.9,459.016288162883
2023-10-14,2,wk inc hosp,2023-10-28,06,quantile,0.95,660.8340938409381
2023-10-14,2,wk inc hosp,2023-10-28,06,quantile,0.975,812.7919969199688
2023-10-14,2,wk inc hosp,2023-10-28,06,quantile,0.99,1021.9532997329967
2023-10-14,2,wk inc hosp,2023-10-28,08,quantile,0.01,0
2023-10-14,2,wk inc hosp,2023-10-28,08,quantile,0.025,0
2023-10-14,2,wk inc hosp,2023-10-28,08,quantile,0.05,0
2023-10-14,2,wk inc hosp,2023-10-28,08,quantile,0.1,0
2023-10-14,2,wk inc hosp,2023-10-28,08,quantile,0.15,0
2023-10-14,2,wk inc hosp,2023-10-28,08,quantile,0.2,0
2023-10-14,2,wk inc hosp,2023-10-28,08,quantile,0.25,0
2023-10-14,2,wk inc hosp,2023-10-28,08,quantile,0.3,0
2023-10-14,2,wk inc hosp,2023-10-28,08,quantile,0.35,1.2142006420061637
2023-10-14,2,wk inc hosp,2023-10-28,08,quantile,0.4,4.384605846058206
2023-10-14,2,wk inc hosp,2023-10-28,08,quantile,0.45,7.200638506384811
2023-10-14,2,wk inc hosp,2023-10-28,08,quantile,0.5,10
2023-10-14,2,wk inc hosp,2023-10-28,08,quantile,0.55,13.018340183401587
2023-10-14,2,wk inc hosp,2023-10-28,08,quantile,0.6,16.56929769297664
2023-10-14,2,wk inc hosp,2023-10-28,08,quantile,0.65,20.154937549375266
2023-10-14,2,wk inc hosp,2023-10-28,08,quantile,0.7,24.62456924569214
2023-10-14,2,wk inc hosp,2023-10-28,08,quantile,0.75,30.584315843158176
2023-10-14,2,wk inc hosp,2023-10-28,08,quantile,0.8,38.82530225302228
2023-10-14,2,wk inc hosp,2023-10-28,08,quantile,0.85,49.98149881498789
2023-10-14,2,wk inc hosp,2023-10-28,08,quantile,0.9,65.34761047610445
2023-10-14,2,wk inc hosp,2023-10-28,08,quantile,0.95,91.02342173421701
2023-10-14,2,wk inc hosp,2023-10-28,08,quantile,0.975,110.90012075120639
2023-10-14,2,wk inc hosp,2023-10-28,08,quantile,0.99,140.45434794347906
2023-10-14,2,wk inc hosp,2023-10-28,09,quantile,0.01,0
2023-10-14,2,wk inc hosp,2023-10-28,09,quantile,0.025,0
2023-10-14,2,wk inc hosp,2023-10-28,09,quantile,0.05,0
2023-10-14,2,wk inc hosp,2023-10-28,09,quantile,0.1,0
2023-10-14,2,wk inc hosp,2023-10-28,09,quantile,0.15,0
2023-10-14,2,wk inc hosp,2023-10-28,09,quantile,0.2,0
2023-10-14,2,wk inc hosp,2023-10-28,09,quantile,0.25,0
2023-10-14,2,wk inc hosp,2023-10-28,09,quantile,0.3,0
2023-10-14,2,wk inc hosp,2023-10-28,09,quantile,0.35,0
2023-10-14,2,wk inc hosp,2023-10-28,09,quantile,0.4,1
2023-10-14,2,wk inc hosp,2023-10-28,09,quantile,0.45,2.6662171621716295
2023-10-14,2,wk inc hosp,2023-10-28,09,quantile,0.5,4
2023-10-14,2,wk inc hosp,2023-10-28,09,quantile,0.55,6
2023-10-14,2,wk inc hosp,2023-10-28,09,quantile,0.6,8
2023-10-14,2,wk inc hosp,2023-10-28,09,quantile,0.65,10
2023-10-14,2,wk inc hosp,2023-10-28,09,quantile,0.7,12.093183931839292
2023-10-14,2,wk inc hosp,2023-10-28,09,quantile,0.75,15.693976939769392
2023-10-14,2,wk inc hosp,2023-10-28,09,quantile,0.8,20.55811958119584
2023-10-14,2,wk inc hosp,2023-10-28,09,quantile,0.85,28.544739447394473
2023-10-14,2,wk inc hosp,2023-10-28,09,quantile,0.9,43.74473844738449
2023-10-14,2,wk inc hosp,2023-10-28,09,quantile,0.95,81.27266072660711
2023-10-14,2,wk inc hosp,2023-10-28,09,quantile,0.975,110.78575285752807
2023-10-14,2,wk inc hosp,2023-10-28,09,quantile,0.99,173.49182161821432
2023-10-14,2,wk inc hosp,2023-10-28,10,quantile,0.01,0
2023-10-14,2,wk inc hosp,2023-10-28,10,quantile,0.025,0
2023-10-14,2,wk inc hosp,2023-10-28,10,quantile,0.05,0
2023-10-14,2,wk inc hosp,2023-10-28,10,quantile,0.1,0
2023-10-14,2,wk inc hosp,2023-10-28,10,quantile,0.15,0
2023-10-14,2,wk inc hosp,2023-10-28,10,quantile,0.2,0
2023-10-14,2,wk inc hosp,2023-10-28,10,quantile,0.25,0
2023-10-14,2,wk inc hosp,2023-10-28,10,quantile,0.3,0
2023-10-14,2,wk inc hosp,2023-10-28,10,quantile,0.35,0
2023-10-14,2,wk inc hosp,2023-10-28,10,quantile,0.4,1
2023-10-14,2,wk inc hosp,2023-10-28,10,quantile,0.45,2
2023-10-14,2,wk inc hosp,2023-10-28,10,quantile,0.5,2
2023-10-14,2,wk inc hosp,2023-10-28,10,quantile,0.55,3
2023-10-14,2,wk inc hosp,2023-10-28,10,quantile,0.6,4
2023-10-14,2,wk inc hosp,2023-10-28,10,quantile,0.65,5
2023-10-14,2,wk inc hosp,2023-10-28,10,quantile,0.7,5.879198791987919
2023-10-14,2,wk inc hosp,2023-10-28,10,quantile,0.75,7
2023-10-14,2,wk inc hosp,2023-10-28,10,quantile,0.8,8.130631306313088
2023-10-14,2,wk inc hosp,2023-10-28,10,quantile,0.85,11
2023-10-14,2,wk inc hosp,2023-10-28,10,quantile,0.9,16.166222662226648
2023-10-14,2,wk inc hosp,2023-10-28,10,quantile,0.95,35.277126271262574
2023-10-14,2,wk inc hosp,2023-10-28,10,quantile,0.975,45.42705327053283
2023-10-14,2,wk inc hosp,2023-10-28,10,quantile,0.99,53.971648816488305
2023-10-14,2,wk inc hosp,2023-10-28,11,quantile,0.01,0
2023-10-14,2,wk inc hosp,2023-10-28,11,quantile,0.025,0
2023-10-14,2,wk inc hosp,2023-10-28,11,quantile,0.05,0
2023-10-14,2,wk inc hosp,2023-10-28,11,quantile,0.1,0
2023-10-14,2,wk inc hosp,2023-10-28,11,quantile,0.15,0
2023-10-14,2,wk inc hosp,2023-10-28,11,quantile,0.2,0
2023-10-14,2,wk inc hosp,2023-10-28,11,quantile,0.25,0
2023-10-14,2,wk inc hosp,2023-10-28,11,quantile,0.3,0
2023-10-14,2,wk inc hosp,2023-10-28,11,quantile,0.35,1
2023-10-14,2,wk inc hosp,2023-10-28,11,quantile,0.4,1
2023-10-14,2,wk inc hosp,2023-10-28,11,quantile,0.45,2
2023-10-14,2,wk inc hosp,2023-10-28,11,quantile,0.5,2
2023-10-14,2,wk inc hosp,2023-10-28,11,quantile,0.55,3
2023-10-14,2,wk inc hosp,2023-10-28,11,quantile,0.6,3
2023-10-14,2,wk inc hosp,2023-10-28,11,quantile,0.65,4
2023-10-14,2,wk inc hosp,2023-10-28,11,quantile,0.7,4
2023-10-14,2,wk inc hosp,2023-10-28,11,quantile,0.75,5
2023-10-14,2,wk inc hosp,2023-10-28,11,quantile,0.8,6
2023-10-14,2,wk inc hosp,2023-10-28,11,quantile,0.85,8.291678916789149
2023-10-14,2,wk inc hosp,2023-10-28,11,quantile,0.9,12
2023-10-14,2,wk inc hosp,2023-10-28,11,quantile,0.95,19.046992469924664
2023-10-14,2,wk inc hosp,2023-10-28,11,quantile,0.975,23.273514235142333
2023-10-14,2,wk inc hosp,2023-10-28,11,quantile,0.99,26.595077850778562
2023-10-14,2,wk inc hosp,2023-10-28,12,quantile,0.01,0
2023-10-14,2,wk inc hosp,2023-10-28,12,quantile,0.025,0
2023-10-14,2,wk inc hosp,2023-10-28,12,quantile,0.05,24.145569455694577
2023-10-14,2,wk inc hosp,2023-10-28,12,quantile,0.1,72.50843608436085
2023-10-14,2,wk inc hosp,2023-10-28,12,quantile,0.15,111.13323783237828
2023-10-14,2,wk inc hosp,2023-10-28,12,quantile,0.2,141.66592065920662
2023-10-14,2,wk inc hosp,2023-10-28,12,quantile,0.25,164.9249967499675
2023-10-14,2,wk inc hosp,2023-10-28,12,quantile,0.3,181.98927289272885
2023-10-14,2,wk inc hosp,2023-10-28,12,quantile,0.35,196.55268102681026
2023-10-14,2,wk inc hosp,2023-10-28,12,quantile,0.4,209.15700557005567
2023-10-14,2,wk inc hosp,2023-10-28,12,quantile,0.45,220.0678481784818
2023-10-14,2,wk inc hosp,2023-10-28,12,quantile,0.5,230
2023-10-14,2,wk inc hosp,2023-10-28,12,quantile,0.55,239.66061760617606
2023-10-14,2,wk inc hosp,2023-10-28,12,quantile,0.6,250.51582715827158
2023-10-14,2,wk inc hosp,2023-10-28,12,quantile,0.65,262.7445399453995
2023-10-14,2,wk inc hosp,2023-10-28,12,quantile,0.7,277.08977789777896
2023-10-14,2,wk inc hosp,2023-10-28,12,quantile,0.75,294.5313953139531
2023-10-14,2,wk inc hosp,2023-10-28,12,quantile,0.8,317.5714697146973
2023-10-14,2,wk inc hosp,2023-10-28,12,quantile,0.85,347.94465594655946
2023-10-14,2,wk inc hosp,2023-10-28,12,quantile,0.9,386.34132341323414
2023-10-14,2,wk inc hosp,2023-10-28,12,quantile,0.95,435.8684431844316
2023-10-14,2,wk inc hosp,2023-10-28,12,quantile,0.975,496.60449929499305
2023-10-14,2,wk inc hosp,2023-10-28,12,quantile,0.99,607.6248294482933
2023-10-14,2,wk inc hosp,2023-10-28,13,quantile,0.01,0
2023-10-14,2,wk inc hosp,2023-10-28,13,quantile,0.025,0
2023-10-14,2,wk inc hosp,2023-10-28,13,quantile,0.05,0
2023-10-14,2,wk inc hosp,2023-10-28,13,quantile,0.1,0
2023-10-14,2,wk inc hosp,2023-10-28,13,quantile,0.15,6.864275142751419
2023-10-14,2,wk inc hosp,2023-10-28,13,quantile,0.2,12.50587105871059
2023-10-14,2,wk inc hosp,2023-10-28,13,quantile,0.25,17.18878688786888
2023-10-14,2,wk inc hosp,2023-10-28,13,quantile,0.3,21.296118961189595
2023-10-14,2,wk inc hosp,2023-10-28,13,quantile,0.35,25
2023-10-14,2,wk inc hosp,2023-10-28,13,quantile,0.4,28.51847518475185
2023-10-14,2,wk inc hosp,2023-10-28,13,quantile,0.45,32
2023-10-14,2,wk inc hosp,2023-10-28,13,quantile,0.5,35
2023-10-14,2,wk inc hosp,2023-10-28,13,quantile,0.55,38.32040020400203
2023-10-14,2,wk inc hosp,2023-10-28,13,quantile,0.6,41.94269942699427
2023-10-14,2,wk inc hosp,2023-10-28,13,quantile,0.65,45.04305443054431
2023-10-14,2,wk inc hosp,2023-10-28,13,quantile,0.7,49
2023-10-14,2,wk inc hosp,2023-10-28,13,quantile,0.75,53.13803388033881
2023-10-14,2,wk inc hosp,2023-10-28,13,quantile,0.8,58
2023-10-14,2,wk inc hosp,2023-10-28,13,quantile,0.85,64
2023-10-14,2,wk inc hosp,2023-10-28,13,quantile,0.9,72.73571235712353
2023-10-14,2,wk inc hosp,2023-10-28,13,quantile,0.95,89.83979439794366
2023-10-14,2,wk inc hosp,2023-10-28,13,quantile,0.975,108.57568975689713
2023-10-14,2,wk inc hosp,2023-10-28,13,quantile,0.99,127.43229452294521
2023-10-14,2,wk inc hosp,2023-10-28,15,quantile,0.01,0
2023-10-14,2,wk inc hosp,2023-10-28,15,quantile,0.025,0
2023-10-14,2,wk inc hosp,2023-10-28,15,quantile,0.05,0
2023-10-14,2,wk inc hosp,2023-10-28,15,quantile,0.1,3
2023-10-14,2,wk inc hosp,2023-10-28,15,quantile,0.15,5
2023-10-14,2,wk inc hosp,2023-10-28,15,quantile,0.2,6
2023-10-14,2,wk inc hosp,2023-10-28,15,quantile,0.25,7
2023-10-14,2,wk inc hosp,2023-10-28,15,quantile,0.3,7.842075420754201
2023-10-14,2,wk inc hosp,2023-10-28,15,quantile,0.35,8
2023-10-14,2,wk inc hosp,2023-10-28,15,quantile,0.4,9
2023-10-14,2,wk inc hosp,2023-10-28,15,quantile,0.45,9.162187621876228
2023-10-14,2,wk inc hosp,2023-10-28,15,quantile,0.5,10
2023-10-14,2,wk inc hosp,2023-10-28,15,quantile,0.55,11
2023-10-14,2,wk inc hosp,2023-10-28,15,quantile,0.6,11
2023-10-14,2,wk inc hosp,2023-10-28,15,quantile,0.65,12
2023-10-14,2,wk inc hosp,2023-10-28,15,quantile,0.7,12.408398083980817
2023-10-14,2,wk inc hosp,2023-10-28,15,quantile,0.75,13
2023-10-14,2,wk inc hosp,2023-10-28,15,quantile,0.8,14
2023-10-14,2,wk inc hosp,2023-10-28,15,quantile,0.85,15.039882898828983
2023-10-14,2,wk inc hosp,2023-10-28,15,quantile,0.9,17
2023-10-14,2,wk inc hosp,2023-10-28,15,quantile,0.95,20.73973639736392
2023-10-14,2,wk inc hosp,2023-10-28,15,quantile,0.975,24.608450084500845
2023-10-14,2,wk inc hosp,2023-10-28,15,quantile,0.99,29.357449374493704
2023-10-14,2,wk inc hosp,2023-10-28,16,quantile,0.01,0
2023-10-14,2,wk inc hosp,2023-10-28,16,quantile,0.025,0
2023-10-14,2,wk inc hosp,2023-10-28,16,quantile,0.05,0
2023-10-14,2,wk inc hosp,2023-10-28,16,quantile,0.1,0
2023-10-14,2,wk inc hosp,2023-10-28,16,quantile,0.15,0
2023-10-14,2,wk inc hosp,2023-10-28,16,quantile,0.2,0
2023-10-14,2,wk inc hosp,2023-10-28,16,quantile,0.25,0
2023-10-14,2,wk inc hosp,2023-10-28,16,quantile,0.3,0.7625096250962516
2023-10-14,2,wk inc hosp,2023-10-28,16,quantile,0.35,1.8387763877638648
2023-10-14,2,wk inc hosp,2023-10-28,16,quantile,0.4,2.5935439354393637
2023-10-14,2,wk inc hosp,2023-10-28,16,quantile,0.45,3.0024930249302484
2023-10-14,2,wk inc hosp,2023-10-28,16,quantile,0.5,4
2023-10-14,2,wk inc hosp,2023-10-28,16,quantile,0.55,5
2023-10-14,2,wk inc hosp,2023-10-28,16,quantile,0.6,6
2023-10-14,2,wk inc hosp,2023-10-28,16,quantile,0.65,7
2023-10-14,2,wk inc hosp,2023-10-28,16,quantile,0.7,8.594031940319399
2023-10-14,2,wk inc hosp,2023-10-28,16,quantile,0.75,10
2023-10-14,2,wk inc hosp,2023-10-28,16,quantile,0.8,13
2023-10-14,2,wk inc hosp,2023-10-28,16,quantile,0.85,17.516241162411625
2023-10-14,2,wk inc hosp,2023-10-28,16,quantile,0.9,31.11226712267096
2023-10-14,2,wk inc hosp,2023-10-28,16,quantile,0.95,78.8877913779137
2023-10-14,2,wk inc hosp,2023-10-28,16,quantile,0.975,95.50055550555507
2023-10-14,2,wk inc hosp,2023-10-28,16,quantile,0.99,109.47901309013074
2023-10-14,2,wk inc hosp,2023-10-28,17,quantile,0.01,0
2023-10-14,2,wk inc hosp,2023-10-28,17,quantile,0.025,0
2023-10-14,2,wk inc hosp,2023-10-28,17,quantile,0.05,0
2023-10-14,2,wk inc hosp,2023-10-28,17,quantile,0.1,0
2023-10-14,2,wk inc hosp,2023-10-28,17,quantile,0.15,0
2023-10-14,2,wk inc hosp,2023-10-28,17,quantile,0.2,0
2023-10-14,2,wk inc hosp,2023-10-28,17,quantile,0.25,0.5843008430084309
2023-10-14,2,wk inc hosp,2023-10-28,17,quantile,0.3,5.6777027770277675
2023-10-14,2,wk inc hosp,2023-10-28,17,quantile,0.35,10.106656066560664
2023-10-14,2,wk inc hosp,2023-10-28,17,quantile,0.4,14.106656066560664
2023-10-14,2,wk inc hosp,2023-10-28,17,quantile,0.45,17.364745147451465
2023-10-14,2,wk inc hosp,2023-10-28,17,quantile,0.5,21
2023-10-14,2,wk inc hosp,2023-10-28,17,quantile,0.55,24.106656066560664
2023-10-14,2,wk inc hosp,2023-10-28,17,quantile,0.6,28.106656066560664
2023-10-14,2,wk inc hosp,2023-10-28,17,quantile,0.65,32.30693206932078
2023-10-14,2,wk inc hosp,2023-10-28,17,quantile,0.7,38.005987059870606
2023-10-14,2,wk inc hosp,2023-10-28,17,quantile,0.75,45.10665606656066
2023-10-14,2,wk inc hosp,2023-10-28,17,quantile,0.8,57.75138851388518
2023-10-14,2,wk inc hosp,2023-10-28,17,quantile,0.85,85.37173821738196
2023-10-14,2,wk inc hosp,2023-10-28,17,quantile,0.9,144.83266332663345
2023-10-14,2,wk inc hosp,2023-10-28,17,quantile,0.95,240.37207672076676
2023-10-14,2,wk inc hosp,2023-10-28,17,quantile,0.975,297.8258342583426
2023-10-14,2,wk inc hosp,2023-10-28,17,quantile,0.99,392.6756223562201
2023-10-14,2,wk inc hosp,2023-10-28,18,quantile,0.01,0
2023-10-14,2,wk inc hosp,2023-10-28,18,quantile,0.025,0
2023-10-14,2,wk inc hosp,2023-10-28,18,quantile,0.05,0
2023-10-14,2,wk inc hosp,2023-10-28,18,quantile,0.1,0
2023-10-14,2,wk inc hosp,2023-10-28,18,quantile,0.15,0
2023-10-14,2,wk inc hosp,2023-10-28,18,quantile,0.2,0
2023-10-14,2,wk inc hosp,2023-10-28,18,quantile,0.25,0
2023-10-14,2,wk inc hosp,2023-10-28,18,quantile,0.3,0
2023-10-14,2,wk inc hosp,2023-10-28,18,quantile,0.35,0
2023-10-14,2,wk inc hosp,2023-10-28,18,quantile,0.4,2
2023-10-14,2,wk inc hosp,2023-10-28,18,quantile,0.45,5
2023-10-14,2,wk inc hosp,2023-10-28,18,quantile,0.5,8
2023-10-14,2,wk inc hosp,2023-10-28,18,quantile,0.55,11
2023-10-14,2,wk inc hosp,2023-10-28,18,quantile,0.6,14.577137771377714
2023-10-14,2,wk inc hosp,2023-10-28,18,quantile,0.65,18.28597185971861
2023-10-14,2,wk inc hosp,2023-10-28,18,quantile,0.7,23
2023-10-14,2,wk inc hosp,2023-10-28,18,quantile,0.75,29
2023-10-14,2,wk inc hosp,2023-10-28,18,quantile,0.8,38
2023-10-14,2,wk inc hosp,2023-10-28,18,quantile,0.85,53.30833008330077
2023-10-14,2,wk inc hosp,2023-10-28,18,quantile,0.9,77.3022310223102
2023-10-14,2,wk inc hosp,2023-10-28,18,quantile,0.95,187.59091540915352
2023-10-14,2,wk inc hosp,2023-10-28,18,quantile,0.975,224.16282212822117
2023-10-14,2,wk inc hosp,2023-10-28,18,quantile,0.99,299.1129574295716
2023-10-14,2,wk inc hosp,2023-10-28,19,quantile,0.01,0
2023-10-14,2,wk inc hosp,2023-10-28,19,quantile,0.025,0
2023-10-14,2,wk inc hosp,2023-10-28,19,quantile,0.05,0
2023-10-14,2,wk inc hosp,2023-10-28,19,quantile,0.1,0
2023-10-14,2,wk inc hosp,2023-10-28,19,quantile,0.15,0
2023-10-14,2,wk inc hosp,2023-10-28,19,quantile,0.2,0
2023-10-14,2,wk inc hosp,2023-10-28,19,quantile,0.25,0
2023-10-14,2,wk inc hosp,2023-10-28,19,quantile,0.3,0
2023-10-14,2,wk inc hosp,2023-10-28,19,quantile,0.35,0
2023-10-14,2,wk inc hosp,2023-10-28,19,quantile,0.4,0.7395933959339712
2023-10-14,2,wk inc hosp,2023-10-28,19,quantile,0.45,1.9600426004260032
2023-10-14,2,wk inc hosp,2023-10-28,19,quantile,0.5,3
2023-10-14,2,wk inc hosp,2023-10-28,19,quantile,0.55,4
2023-10-14,2,wk inc hosp,2023-10-28,19,quantile,0.6,5
2023-10-14,2,wk inc hosp,2023-10-28,19,quantile,0.65,6
2023-10-14,2,wk inc hosp,2023-10-28,19,quantile,0.7,7.8795047950479296
2023-10-14,2,wk inc hosp,2023-10-28,19,quantile,0.75,9.379363793637939
2023-10-14,2,wk inc hosp,2023-10-28,19,quantile,0.8,12
2023-10-14,2,wk inc hosp,2023-10-28,19,quantile,0.85,17.206984069840715
2023-10-14,2,wk inc hosp,2023-10-28,19,quantile,0.9,32.71822218222185
2023-10-14,2,wk inc hosp,2023-10-28,19,quantile,0.95,89.7765877658776
2023-10-14,2,wk inc hosp,2023-10-28,19,quantile,0.975,107.26912669126686
2023-10-14,2,wk inc hosp,2023-10-28,19,quantile,0.99,118.48878378783755
2023-10-14,2,wk inc hosp,2023-10-28,20,quantile,0.01,0
2023-10-14,2,wk inc hosp,2023-10-28,20,quantile,0.025,0
2023-10-14,2,wk inc hosp,2023-10-28,20,quantile,0.05,0
2023-10-14,2,wk inc hosp,2023-10-28,20,quantile,0.1,0
2023-10-14,2,wk inc hosp,2023-10-28,20,quantile,0.15,0
2023-10-14,2,wk inc hosp,2023-10-28,20,quantile,0.2,2
2023-10-14,2,wk inc hosp,2023-10-28,20,quantile,0.25,5
2023-10-14,2,wk inc hosp,2023-10-28,20,quantile,0.3,8
2023-10-14,2,wk inc hosp,2023-10-28,20,quantile,0.35,10
2023-10-14,2,wk inc hosp,2023-10-28,20,quantile,0.4,12
2023-10-14,2,wk inc hosp,2023-10-28,20,quantile,0.45,13.623388733887339
2023-10-14,2,wk inc hosp,2023-10-28,20,quantile,0.5,15
2023-10-14,2,wk inc hosp,2023-10-28,20,quantile,0.55,17
2023-10-14,2,wk inc hosp,2023-10-28,20,quantile,0.6,18.329295292952928
2023-10-14,2,wk inc hosp,2023-10-28,20,quantile,0.65,20.190216402164022
2023-10-14,2,wk inc hosp,2023-10-28,20,quantile,0.7,22.913914139141372
2023-10-14,2,wk inc hosp,2023-10-28,20,quantile,0.75,25.55222302223021
2023-10-14,2,wk inc hosp,2023-10-28,20,quantile,0.8,29
2023-10-14,2,wk inc hosp,2023-10-28,20,quantile,0.85,33.086269362693635
2023-10-14,2,wk inc hosp,2023-10-28,20,quantile,0.9,42.513657136571396
2023-10-14,2,wk inc hosp,2023-10-28,20,quantile,0.95,70.76592765927664
2023-10-14,2,wk inc hosp,2023-10-28,20,quantile,0.975,96.45501105011077
2023-10-14,2,wk inc hosp,2023-10-28,20,quantile,0.99,130.90389513895207
2023-10-14,2,wk inc hosp,2023-10-28,21,quantile,0.01,0
2023-10-14,2,wk inc hosp,2023-10-28,21,quantile,0.025,0
2023-10-14,2,wk inc hosp,2023-10-28,21,quantile,0.05,0
2023-10-14,2,wk inc hosp,2023-10-28,21,quantile,0.1,0
2023-10-14,2,wk inc hosp,2023-10-28,21,quantile,0.15,0
2023-10-14,2,wk inc hosp,2023-10-28,21,quantile,0.2,0
2023-10-14,2,wk inc hosp,2023-10-28,21,quantile,0.25,0
2023-10-14,2,wk inc hosp,2023-10-28,21,quantile,0.3,1
2023-10-14,2,wk inc hosp,2023-10-28,21,quantile,0.35,4
2023-10-14,2,wk inc hosp,2023-10-28,21,quantile,0.4,6.822836228362305
2023-10-14,2,wk inc hosp,2023-10-28,21,quantile,0.45,9
2023-10-14,2,wk inc hosp,2023-10-28,21,quantile,0.5,12
2023-10-14,2,wk inc hosp,2023-10-28,21,quantile,0.55,14.233587835878364
2023-10-14,2,wk inc hosp,2023-10-28,21,quantile,0.6,17
2023-10-14,2,wk inc hosp,2023-10-28,21,quantile,0.65,20.214560145601453
2023-10-14,2,wk inc hosp,2023-10-28,21,quantile,0.7,24.002082020820186
2023-10-14,2,wk inc hosp,2023-10-28,21,quantile,0.75,29.432791827918273
2023-10-14,2,wk inc hosp,2023-10-28,21,quantile,0.8,38.54265342653426
2023-10-14,2,wk inc hosp,2023-10-28,21,quantile,0.85,57.65868758687586
2023-10-14,2,wk inc hosp,2023-10-28,21,quantile,0.9,91.28584985849868
2023-10-14,2,wk inc hosp,2023-10-28,21,quantile,0.95,166.44116541165388
2023-10-14,2,wk inc hosp,2023-10-28,21,quantile,0.975,258.27652926529197
2023-10-14,2,wk inc hosp,2023-10-28,21,quantile,0.99,312.4208888088875
2023-10-14,2,wk inc hosp,2023-10-28,22,quantile,0.01,0
2023-10-14,2,wk inc hosp,2023-10-28,22,quantile,0.025,0
2023-10-14,2,wk inc hosp,2023-10-28,22,quantile,0.05,0
2023-10-14,2,wk inc hosp,2023-10-28,22,quantile,0.1,0
2023-10-14,2,wk inc hosp,2023-10-28,22,quantile,0.15,0
2023-10-14,2,wk inc hosp,2023-10-28,22,quantile,0.2,2.210456104561039
2023-10-14,2,wk inc hosp,2023-10-28,22,quantile,0.25,6
2023-10-14,2,wk inc hosp,2023-10-28,22,quantile,0.3,9
2023-10-14,2,wk inc hosp,2023-10-28,22,quantile,0.35,12
2023-10-14,2,wk inc hosp,2023-10-28,22,quantile,0.4,14.390279902799044
2023-10-14,2,wk inc hosp,2023-10-28,22,quantile,0.45,17
2023-10-14,2,wk inc hosp,2023-10-28,22,quantile,0.5,19
2023-10-14,2,wk inc hosp,2023-10-28,22,quantile,0.55,21.77412724127241
2023-10-14,2,wk inc hosp,2023-10-28,22,quantile,0.6,24
2023-10-14,2,wk inc hosp,2023-10-28,22,quantile,0.65,26.92967029670296
2023-10-14,2,wk inc hosp,2023-10-28,22,quantile,0.7,29.809766097660976
2023-10-14,2,wk inc hosp,2023-10-28,22,quantile,0.75,33
2023-10-14,2,wk inc hosp,2023-10-28,22,quantile,0.8,37.39029790297907
2023-10-14,2,wk inc hosp,2023-10-28,22,quantile,0.85,43.411226112261105
2023-10-14,2,wk inc hosp,2023-10-28,22,quantile,0.9,53.72780127801279
2023-10-14,2,wk inc hosp,2023-10-28,22,quantile,0.95,82.96838418384127
2023-10-14,2,wk inc hosp,2023-10-28,22,quantile,0.975,106.56981719817186
2023-10-14,2,wk inc hosp,2023-10-28,22,quantile,0.99,131.0492073920739
2023-10-14,2,wk inc hosp,2023-10-28,23,quantile,0.01,0
2023-10-14,2,wk inc hosp,2023-10-28,23,quantile,0.025,0
2023-10-14,2,wk inc hosp,2023-10-28,23,quantile,0.05,0
2023-10-14,2,wk inc hosp,2023-10-28,23,quantile,0.1,0
2023-10-14,2,wk inc hosp,2023-10-28,23,quantile,0.15,0
2023-10-14,2,wk inc hosp,2023-10-28,23,quantile,0.2,0
2023-10-14,2,wk inc hosp,2023-10-28,23,quantile,0.25,0
2023-10-14,2,wk inc hosp,2023-10-28,23,quantile,0.3,1.1109561095610887
2023-10-14,2,wk inc hosp,2023-10-28,23,quantile,0.35,2.276452764527643
2023-10-14,2,wk inc hosp,2023-10-28,23,quantile,0.4,3
2023-10-14,2,wk inc hosp,2023-10-28,23,quantile,0.45,4
2023-10-14,2,wk inc hosp,2023-10-28,23,quantile,0.5,5
2023-10-14,2,wk inc hosp,2023-10-28,23,quantile,0.55,6
2023-10-14,2,wk inc hosp,2023-10-28,23,quantile,0.6,7
2023-10-14,2,wk inc hosp,2023-10-28,23,quantile,0.65,8
2023-10-14,2,wk inc hosp,2023-10-28,23,quantile,0.7,9.299132991329902
2023-10-14,2,wk inc hosp,2023-10-28,23,quantile,0.75,11
2023-10-14,2,wk inc hosp,2023-10-28,23,quantile,0.8,14.134933349333531
2023-10-14,2,wk inc hosp,2023-10-28,23,quantile,0.85,22
2023-10-14,2,wk inc hosp,2023-10-28,23,quantile,0.9,29.15478654786549
2023-10-14,2,wk inc hosp,2023-10-28,23,quantile,0.95,54.9861733617334
2023-10-14,2,wk inc hosp,2023-10-28,23,quantile,0.975,71.34019340193402
2023-10-14,2,wk inc hosp,2023-10-28,23,quantile,0.99,76.50262302623025
2023-10-14,2,wk inc hosp,2023-10-28,24,quantile,0.01,0
2023-10-14,2,wk inc hosp,2023-10-28,24,quantile,0.025,0
2023-10-14,2,wk inc hosp,2023-10-28,24,quantile,0.05,0
2023-10-14,2,wk inc hosp,2023-10-28,24,quantile,0.1,0
2023-10-14,2,wk inc hosp,2023-10-28,24,quantile,0.15,0
2023-10-14,2,wk inc hosp,2023-10-28,24,quantile,0.2,0
2023-10-14,2,wk inc hosp,2023-10-28,24,quantile,0.25,0
2023-10-14,2,wk inc hosp,2023-10-28,24,quantile,0.3,0
2023-10-14,2,wk inc hosp,2023-10-28,24,quantile,0.35,0
2023-10-14,2,wk inc hosp,2023-10-28,24,quantile,0.4,0
2023-10-14,2,wk inc hosp,2023-10-28,24,quantile,0.45,1
2023-10-14,2,wk inc hosp,2023-10-28,24,quantile,0.5,3
2023-10-14,2,wk inc hosp,2023-10-28,24,quantile,0.55,5
2023-10-14,2,wk inc hosp,2023-10-28,24,quantile,0.6,7.640364403644039
2023-10-14,2,wk inc hosp,2023-10-28,24,quantile,0.65,10
2023-10-14,2,wk inc hosp,2023-10-28,24,quantile,0.7,13
2023-10-14,2,wk inc hosp,2023-10-28,24,quantile,0.75,16.98008730087301
2023-10-14,2,wk inc hosp,2023-10-28,24,quantile,0.8,22.11385313853138
2023-10-14,2,wk inc hosp,2023-10-28,24,quantile,0.85,31.92968779687793
2023-10-14,2,wk inc hosp,2023-10-28,24,quantile,0.9,54.84869748697487
2023-10-14,2,wk inc hosp,2023-10-28,24,quantile,0.95,74.32346123461231
2023-10-14,2,wk inc hosp,2023-10-28,24,quantile,0.975,94.53692436924344
2023-10-14,2,wk inc hosp,2023-10-28,24,quantile,0.99,110.26624246242464
2023-10-14,2,wk inc hosp,2023-10-28,25,quantile,0.01,0
2023-10-14,2,wk inc hosp,2023-10-28,25,quantile,0.025,0
2023-10-14,2,wk inc hosp,2023-10-28,25,quantile,0.05,0
2023-10-14,2,wk inc hosp,2023-10-28,25,quantile,0.1,0
2023-10-14,2,wk inc hosp,2023-10-28,25,quantile,0.15,0
2023-10-14,2,wk inc hosp,2023-10-28,25,quantile,0.2,0
2023-10-14,2,wk inc hosp,2023-10-28,25,quantile,0.25,0
2023-10-14,2,wk inc hosp,2023-10-28,25,quantile,0.3,2.1820318203182048
2023-10-14,2,wk inc hosp,2023-10-28,25,quantile,0.35,5.374608746087453
2023-10-14,2,wk inc hosp,2023-10-28,25,quantile,0.4,8.182031820318205
2023-10-14,2,wk inc hosp,2023-10-28,25,quantile,0.45,11.182031820318205
2023-10-14,2,wk inc hosp,2023-10-28,25,quantile,0.5,14
2023-10-14,2,wk inc hosp,2023-10-28,25,quantile,0.55,16.532100321003206
2023-10-14,2,wk inc hosp,2023-10-28,25,quantile,0.6,19.562509625096276
2023-10-14,2,wk inc hosp,2023-10-28,25,quantile,0.65,23.182031820318205
2023-10-14,2,wk inc hosp,2023-10-28,25,quantile,0.7,27.62996929969299
2023-10-14,2,wk inc hosp,2023-10-28,25,quantile,0.75,34.1820318203182
2023-10-14,2,wk inc hosp,2023-10-28,25,quantile,0.8,44.86642466424667
2023-10-14,2,wk inc hosp,2023-10-28,25,quantile,0.85,63.18747187471875
2023-10-14,2,wk inc hosp,2023-10-28,25,quantile,0.9,101.03052830528357
2023-10-14,2,wk inc hosp,2023-10-28,25,quantile,0.95,170.83606036060434
2023-10-14,2,wk inc hosp,2023-10-28,25,quantile,0.975,244.2246347463471
2023-10-14,2,wk inc hosp,2023-10-28,25,quantile,0.99,274.241936719367
2023-10-14,2,wk inc hosp,2023-10-28,26,quantile,0.01,0
2023-10-14,2,wk inc hosp,2023-10-28,26,quantile,0.025,0
2023-10-14,2,wk inc hosp,2023-10-28,26,quantile,0.05,0
2023-10-14,2,wk inc hosp,2023-10-28,26,quantile,0.1,0
2023-10-14,2,wk inc hosp,2023-10-28,26,quantile,0.15,0
2023-10-14,2,wk inc hosp,2023-10-28,26,quantile,0.2,0
2023-10-14,2,wk inc hosp,2023-10-28,26,quantile,0.25,0
2023-10-14,2,wk inc hosp,2023-10-28,26,quantile,0.3,2.5870928709287044
2023-10-14,2,wk inc hosp,2023-10-28,26,quantile,0.35,6.661193611936108
2023-10-14,2,wk inc hosp,2023-10-28,26,quantile,0.4,10.041368413684138
2023-10-14,2,wk inc hosp,2023-10-28,26,quantile,0.45,13.85994509945099
2023-10-14,2,wk inc hosp,2023-10-28,26,quantile,0.5,17
2023-10-14,2,wk inc hosp,2023-10-28,26,quantile,0.55,20.505305553055543
2023-10-14,2,wk inc hosp,2023-10-28,26,quantile,0.6,24.136029360293612
2023-10-14,2,wk inc hosp,2023-10-28,26,quantile,0.65,29
2023-10-14,2,wk inc hosp,2023-10-28,26,quantile,0.7,34.694335943359434
2023-10-14,2,wk inc hosp,2023-10-28,26,quantile,0.75,42.547725477254765
2023-10-14,2,wk inc hosp,2023-10-28,26,quantile,0.8,52.58915789157895
2023-10-14,2,wk inc hosp,2023-10-28,26,quantile,0.85,71.75677856778567
2023-10-14,2,wk inc hosp,2023-10-28,26,quantile,0.9,137.35059450594505
2023-10-14,2,wk inc hosp,2023-10-28,26,quantile,0.95,229.75717657176585
2023-10-14,2,wk inc hosp,2023-10-28,26,quantile,0.975,352.02485549855527
2023-10-14,2,wk inc hosp,2023-10-28,26,quantile,0.99,425.33092760927605
2023-10-14,2,wk inc hosp,2023-10-28,27,quantile,0.01,0
2023-10-14,2,wk inc hosp,2023-10-28,27,quantile,0.025,0
2023-10-14,2,wk inc hosp,2023-10-28,27,quantile,0.05,0
2023-10-14,2,wk inc hosp,2023-10-28,27,quantile,0.1,0
2023-10-14,2,wk inc hosp,2023-10-28,27,quantile,0.15,0
2023-10-14,2,wk inc hosp,2023-10-28,27,quantile,0.2,0
2023-10-14,2,wk inc hosp,2023-10-28,27,quantile,0.25,0
2023-10-14,2,wk inc hosp,2023-10-28,27,quantile,0.3,0
2023-10-14,2,wk inc hosp,2023-10-28,27,quantile,0.35,0
2023-10-14,2,wk inc hosp,2023-10-28,27,quantile,0.4,0
2023-10-14,2,wk inc hosp,2023-10-28,27,quantile,0.45,1.3070330703307036
2023-10-14,2,wk inc hosp,2023-10-28,27,quantile,0.5,3
2023-10-14,2,wk inc hosp,2023-10-28,27,quantile,0.55,4.425700757007579
2023-10-14,2,wk inc hosp,2023-10-28,27,quantile,0.6,6.482054820548193
2023-10-14,2,wk inc hosp,2023-10-28,27,quantile,0.65,9.307033070330704
2023-10-14,2,wk inc hosp,2023-10-28,27,quantile,0.7,12.307033070330704
2023-10-14,2,wk inc hosp,2023-10-28,27,quantile,0.75,16.307033070330704
2023-10-14,2,wk inc hosp,2023-10-28,27,quantile,0.8,23.434328343283426
2023-10-14,2,wk inc hosp,2023-10-28,27,quantile,0.85,36.224871248712425
2023-10-14,2,wk inc hosp,2023-10-28,27,quantile,0.9,63.73177831778334
2023-10-14,2,wk inc hosp,2023-10-28,27,quantile,0.95,94.4820033200332
2023-10-14,2,wk inc hosp,2023-10-28,27,quantile,0.975,107.88949489494881
2023-10-14,2,wk inc hosp,2023-10-28,27,quantile,0.99,131.48270732707218
2023-10-14,2,wk inc hosp,2023-10-28,28,quantile,0.01,0
2023-10-14,2,wk inc hosp,2023-10-28,28,quantile,0.025,0
2023-10-14,2,wk inc hosp,2023-10-28,28,quantile,0.05,0
2023-10-14,2,wk inc hosp,2023-10-28,28,quantile,0.1,0
2023-10-14,2,wk inc hosp,2023-10-28,28,quantile,0.15,5
2023-10-14,2,wk inc hosp,2023-10-28,28,quantile,0.2,10
2023-10-14,2,wk inc hosp,2023-10-28,28,quantile,0.25,14
2023-10-14,2,wk inc hosp,2023-10-28,28,quantile,0.3,17.84578745787457
2023-10-14,2,wk inc hosp,2023-10-28,28,quantile,0.35,21
2023-10-14,2,wk inc hosp,2023-10-28,28,quantile,0.4,23.671828718287166
2023-10-14,2,wk inc hosp,2023-10-28,28,quantile,0.45,26.30420154201542
2023-10-14,2,wk inc hosp,2023-10-28,28,quantile,0.5,29
2023-10-14,2,wk inc hosp,2023-10-28,28,quantile,0.55,32
2023-10-14,2,wk inc hosp,2023-10-28,28,quantile,0.6,34.61201212012119
2023-10-14,2,wk inc hosp,2023-10-28,28,quantile,0.65,37.301760517605175
2023-10-14,2,wk inc hosp,2023-10-28,28,quantile,0.7,40.64608246082457
2023-10-14,2,wk inc hosp,2023-10-28,28,quantile,0.75,44.123121231212295
2023-10-14,2,wk inc hosp,2023-10-28,28,quantile,0.8,48.64347643476435
2023-10-14,2,wk inc hosp,2023-10-28,28,quantile,0.85,54.05860258602585
2023-10-14,2,wk inc hosp,2023-10-28,28,quantile,0.9,62.702514025140204
2023-10-14,2,wk inc hosp,2023-10-28,28,quantile,0.95,81.47756027560274
2023-10-14,2,wk inc hosp,2023-10-28,28,quantile,0.975,104.42869528695307
2023-10-14,2,wk inc hosp,2023-10-28,28,quantile,0.99,129.58385693856906
2023-10-14,2,wk inc hosp,2023-10-28,29,quantile,0.01,0
2023-10-14,2,wk inc hosp,2023-10-28,29,quantile,0.025,0
2023-10-14,2,wk inc hosp,2023-10-28,29,quantile,0.05,0
2023-10-14,2,wk inc hosp,2023-10-28,29,quantile,0.1,0
2023-10-14,2,wk inc hosp,2023-10-28,29,quantile,0.15,0
2023-10-14,2,wk inc hosp,2023-10-28,29,quantile,0.2,0
2023-10-14,2,wk inc hosp,2023-10-28,29,quantile,0.25,5.716352163521648
2023-10-14,2,wk inc hosp,2023-10-28,29,quantile,0.3,10.427073270732699
2023-10-14,2,wk inc hosp,2023-10-28,29,quantile,0.35,14.338642886428868
2023-10-14,2,wk inc hosp,2023-10-28,29,quantile,0.4,17.71635216352165
2023-10-14,2,wk inc hosp,2023-10-28,29,quantile,0.45,20.787079870798735
2023-10-14,2,wk inc hosp,2023-10-28,29,quantile,0.5,24
2023-10-14,2,wk inc hosp,2023-10-28,29,quantile,0.55,27.454724547245497
2023-10-14,2,wk inc hosp,2023-10-28,29,quantile,0.6,30.71635216352165
2023-10-14,2,wk inc hosp,2023-10-28,29,quantile,0.65,34.51528715287159
2023-10-14,2,wk inc hosp,2023-10-28,29,quantile,0.7,38.71635216352165
2023-10-14,2,wk inc hosp,2023-10-28,29,quantile,0.75,44.3971064710647
2023-10-14,2,wk inc hosp,2023-10-28,29,quantile,0.8,52.32633626336264
2023-10-14,2,wk inc hosp,2023-10-28,29,quantile,0.85,67.02678226782263
2023-10-14,2,wk inc hosp,2023-10-28,29,quantile,0.9,102.87714877148773
2023-10-14,2,wk inc hosp,2023-10-28,29,quantile,0.95,227.48061130611276
2023-10-14,2,wk inc hosp,2023-10-28,29,quantile,0.975,291.78632961329606
2023-10-14,2,wk inc hosp,2023-10-28,29,quantile,0.99,356.87773827738243
2023-10-14,2,wk inc hosp,2023-10-28,30,quantile,0.01,0
2023-10-14,2,wk inc hosp,2023-10-28,30,quantile,0.025,0
2023-10-14,2,wk inc hosp,2023-10-28,30,quantile,0.05,0
2023-10-14,2,wk inc hosp,2023-10-28,30,quantile,0.1,0
2023-10-14,2,wk inc hosp,2023-10-28,30,quantile,0.15,0
2023-10-14,2,wk inc hosp,2023-10-28,30,quantile,0.2,0
2023-10-14,2,wk inc hosp,2023-10-28,30,quantile,0.25,0
2023-10-14,2,wk inc hosp,2023-10-28,30,quantile,0.3,0
2023-10-14,2,wk inc hosp,2023-10-28,30,quantile,0.35,0
2023-10-14,2,wk inc hosp,2023-10-28,30,quantile,0.4,0
2023-10-14,2,wk inc hosp,2023-10-28,30,quantile,0.45,0
2023-10-14,2,wk inc hosp,2023-10-28,30,quantile,0.5,0
2023-10-14,2,wk inc hosp,2023-10-28,30,quantile,0.55,1
2023-10-14,2,wk inc hosp,2023-10-28,30,quantile,0.6,2
2023-10-14,2,wk inc hosp,2023-10-28,30,quantile,0.65,3
2023-10-14,2,wk inc hosp,2023-10-28,30,quantile,0.7,4.016238162381622
2023-10-14,2,wk inc hosp,2023-10-28,30,quantile,0.75,6
2023-10-14,2,wk inc hosp,2023-10-28,30,quantile,0.8,9
2023-10-14,2,wk inc hosp,2023-10-28,30,quantile,0.85,14.097877478774743
2023-10-14,2,wk inc hosp,2023-10-28,30,quantile,0.9,21
2023-10-14,2,wk inc hosp,2023-10-28,30,quantile,0.95,30.927141271412744
2023-10-14,2,wk inc hosp,2023-10-28,30,quantile,0.975,35.712179871798845
2023-10-14,2,wk inc hosp,2023-10-28,30,quantile,0.99,41.79897338973382
2023-10-14,2,wk inc hosp,2023-10-28,31,quantile,0.01,0
2023-10-14,2,wk inc hosp,2023-10-28,31,quantile,0.025,0
2023-10-14,2,wk inc hosp,2023-10-28,31,quantile,0.05,0
2023-10-14,2,wk inc hosp,2023-10-28,31,quantile,0.1,0
2023-10-14,2,wk inc hosp,2023-10-28,31,quantile,0.15,0
2023-10-14,2,wk inc hosp,2023-10-28,31,quantile,0.2,0
2023-10-14,2,wk inc hosp,2023-10-28,31,quantile,0.25,0
2023-10-14,2,wk inc hosp,2023-10-28,31,quantile,0.3,0
2023-10-14,2,wk inc hosp,2023-10-28,31,quantile,0.35,0
2023-10-14,2,wk inc hosp,2023-10-28,31,quantile,0.4,2
2023-10-14,2,wk inc hosp,2023-10-28,31,quantile,0.45,3
2023-10-14,2,wk inc hosp,2023-10-28,31,quantile,0.5,5
2023-10-14,2,wk inc hosp,2023-10-28,31,quantile,0.55,6.4785257852578555
2023-10-14,2,wk inc hosp,2023-10-28,31,quantile,0.6,8
2023-10-14,2,wk inc hosp,2023-10-28,31,quantile,0.65,10
2023-10-14,2,wk inc hosp,2023-10-28,31,quantile,0.7,12
2023-10-14,2,wk inc hosp,2023-10-28,31,quantile,0.75,15
2023-10-14,2,wk inc hosp,2023-10-28,31,quantile,0.8,18
2023-10-14,2,wk inc hosp,2023-10-28,31,quantile,0.85,22.82758677586785
2023-10-14,2,wk inc hosp,2023-10-28,31,quantile,0.9,30.79546695466949
2023-10-14,2,wk inc hosp,2023-10-28,31,quantile,0.95,42.756973569735685
2023-10-14,2,wk inc hosp,2023-10-28,31,quantile,0.975,49.894301693016935
2023-10-14,2,wk inc hosp,2023-10-28,31,quantile,0.99,58.19523335233354
2023-10-14,2,wk inc hosp,2023-10-28,32,quantile,0.01,0
2023-10-14,2,wk inc hosp,2023-10-28,32,quantile,0.025,0
2023-10-14,2,wk inc hosp,2023-10-28,32,quantile,0.05,0
2023-10-14,2,wk inc hosp,2023-10-28,32,quantile,0.1,0
2023-10-14,2,wk inc hosp,2023-10-28,32,quantile,0.15,0
2023-10-14,2,wk inc hosp,2023-10-28,32,quantile,0.2,0
2023-10-14,2,wk inc hosp,2023-10-28,32,quantile,0.25,0
2023-10-14,2,wk inc hosp,2023-10-28,32,quantile,0.3,0
2023-10-14,2,wk inc hosp,2023-10-28,32,quantile,0.35,0
2023-10-14,2,wk inc hosp,2023-10-28,32,quantile,0.4,1.4704867048670505
2023-10-14,2,wk inc hosp,2023-10-28,32,quantile,0.45,3
2023-10-14,2,wk inc hosp,2023-10-28,32,quantile,0.5,5
2023-10-14,2,wk inc hosp,2023-10-28,32,quantile,0.55,7
2023-10-14,2,wk inc hosp,2023-10-28,32,quantile,0.6,9.45242052420522
2023-10-14,2,wk inc hosp,2023-10-28,32,quantile,0.65,12.055650556505569
2023-10-14,2,wk inc hosp,2023-10-28,32,quantile,0.7,16
2023-10-14,2,wk inc hosp,2023-10-28,32,quantile,0.75,20.700234502345015
2023-10-14,2,wk inc hosp,2023-10-28,32,quantile,0.8,27
2023-10-14,2,wk inc hosp,2023-10-28,32,quantile,0.85,35
2023-10-14,2,wk inc hosp,2023-10-28,32,quantile,0.9,52
2023-10-14,2,wk inc hosp,2023-10-28,32,quantile,0.95,81.69491594915934
2023-10-14,2,wk inc hosp,2023-10-28,32,quantile,0.975,111.625862508625
2023-10-14,2,wk inc hosp,2023-10-28,32,quantile,0.99,145.60125761257606
2023-10-14,2,wk inc hosp,2023-10-28,33,quantile,0.01,0
2023-10-14,2,wk inc hosp,2023-10-28,33,quantile,0.025,0
2023-10-14,2,wk inc hosp,2023-10-28,33,quantile,0.05,0
2023-10-14,2,wk inc hosp,2023-10-28,33,quantile,0.1,0
2023-10-14,2,wk inc hosp,2023-10-28,33,quantile,0.15,0
2023-10-14,2,wk inc hosp,2023-10-28,33,quantile,0.2,0
2023-10-14,2,wk inc hosp,2023-10-28,33,quantile,0.25,0
2023-10-14,2,wk inc hosp,2023-10-28,33,quantile,0.3,0
2023-10-14,2,wk inc hosp,2023-10-28,33,quantile,0.35,0
2023-10-14,2,wk inc hosp,2023-10-28,33,quantile,0.4,0.2795077950779543
2023-10-14,2,wk inc hosp,2023-10-28,33,quantile,0.45,1.2795077950779543
2023-10-14,2,wk inc hosp,2023-10-28,33,quantile,0.5,2
2023-10-14,2,wk inc hosp,2023-10-28,33,quantile,0.55,2.2795077950779543
2023-10-14,2,wk inc hosp,2023-10-28,33,quantile,0.6,3.2795077950779543
2023-10-14,2,wk inc hosp,2023-10-28,33,quantile,0.65,4.279507795077954
2023-10-14,2,wk inc hosp,2023-10-28,33,quantile,0.7,5.279507795077954
2023-10-14,2,wk inc hosp,2023-10-28,33,quantile,0.75,6.9836173361733636
2023-10-14,2,wk inc hosp,2023-10-28,33,quantile,0.8,8.819773197732
2023-10-14,2,wk inc hosp,2023-10-28,33,quantile,0.85,12.279507795077954
2023-10-14,2,wk inc hosp,2023-10-28,33,quantile,0.9,19.682855828558335
2023-10-14,2,wk inc hosp,2023-10-28,33,quantile,0.95,31.792736427364286
2023-10-14,2,wk inc hosp,2023-10-28,33,quantile,0.975,38.71251637516373
2023-10-14,2,wk inc hosp,2023-10-28,33,quantile,0.99,50.8702984029834
2023-10-14,2,wk inc hosp,2023-10-28,34,quantile,0.01,0
2023-10-14,2,wk inc hosp,2023-10-28,34,quantile,0.025,0
2023-10-14,2,wk inc hosp,2023-10-28,34,quantile,0.05,0
2023-10-14,2,wk inc hosp,2023-10-28,34,quantile,0.1,0
2023-10-14,2,wk inc hosp,2023-10-28,34,quantile,0.15,0
2023-10-14,2,wk inc hosp,2023-10-28,34,quantile,0.2,0
2023-10-14,2,wk inc hosp,2023-10-28,34,quantile,0.25,0
2023-10-14,2,wk inc hosp,2023-10-28,34,quantile,0.3,2.0228392283922885
2023-10-14,2,wk inc hosp,2023-10-28,34,quantile,0.35,6.129242792427919
2023-10-14,2,wk inc hosp,2023-10-28,34,quantile,0.4,10
2023-10-14,2,wk inc hosp,2023-10-28,34,quantile,0.45,13.354783547835476
2023-10-14,2,wk inc hosp,2023-10-28,34,quantile,0.5,17
2023-10-14,2,wk inc hosp,2023-10-28,34,quantile,0.55,20.637634376343776
2023-10-14,2,wk inc hosp,2023-10-28,34,quantile,0.6,24.276838768387666
2023-10-14,2,wk inc hosp,2023-10-28,34,quantile,0.65,28.581299812998147
2023-10-14,2,wk inc hosp,2023-10-28,34,quantile,0.7,33.49657196571964
2023-10-14,2,wk inc hosp,2023-10-28,34,quantile,0.75,39.788582885828895
2023-10-14,2,wk inc hosp,2023-10-28,34,quantile,0.8,49.11810118101192
2023-10-14,2,wk inc hosp,2023-10-28,34,quantile,0.85,69.41735017350176
2023-10-14,2,wk inc hosp,2023-10-28,34,quantile,0.9,116.69907499074993
2023-10-14,2,wk inc hosp,2023-10-28,34,quantile,0.95,169.30696156961525
2023-10-14,2,wk inc hosp,2023-10-28,34,quantile,0.975,208.56029210292132
2023-10-14,2,wk inc hosp,2023-10-28,34,quantile,0.99,294.58610726107145
2023-10-14,2,wk inc hosp,2023-10-28,35,quantile,0.01,0
2023-10-14,2,wk inc hosp,2023-10-28,35,quantile,0.025,0
2023-10-14,2,wk inc hosp,2023-10-28,35,quantile,0.05,0
2023-10-14,2,wk inc hosp,2023-10-28,35,quantile,0.1,0
2023-10-14,2,wk inc hosp,2023-10-28,35,quantile,0.15,0
2023-10-14,2,wk inc hosp,2023-10-28,35,quantile,0.2,0
2023-10-14,2,wk inc hosp,2023-10-28,35,quantile,0.25,0
2023-10-14,2,wk inc hosp,2023-10-28,35,quantile,0.3,0
2023-10-14,2,wk inc hosp,2023-10-28,35,quantile,0.35,0
2023-10-14,2,wk inc hosp,2023-10-28,35,quantile,0.4,2.1103551035510435
2023-10-14,2,wk inc hosp,2023-10-28,35,quantile,0.45,4
2023-10-14,2,wk inc hosp,2023-10-28,35,quantile,0.5,6
2023-10-14,2,wk inc hosp,2023-10-28,35,quantile,0.55,8
2023-10-14,2,wk inc hosp,2023-10-28,35,quantile,0.6,10.16557765577656
2023-10-14,2,wk inc hosp,2023-10-28,35,quantile,0.65,13
2023-10-14,2,wk inc hosp,2023-10-28,35,quantile,0.7,15.975385753857497
2023-10-14,2,wk inc hosp,2023-10-28,35,quantile,0.75,19.645741457414577
2023-10-14,2,wk inc hosp,2023-10-28,35,quantile,0.8,24.816364163641637
2023-10-14,2,wk inc hosp,2023-10-28,35,quantile,0.85,32.14250542505418
2023-10-14,2,wk inc hosp,2023-10-28,35,quantile,0.9,47.78925189251889
2023-10-14,2,wk inc hosp,2023-10-28,35,quantile,0.95,82.2642371423713
2023-10-14,2,wk inc hosp,2023-10-28,35,quantile,0.975,121.37099170991733
2023-10-14,2,wk inc hosp,2023-10-28,35,quantile,0.99,158.96756407564175
2023-10-14,2,wk inc hosp,2023-10-28,36,quantile,0.01,0
2023-10-14,2,wk inc hosp,2023-10-28,36,quantile,0.025,0
2023-10-14,2,wk inc hosp,2023-10-28,36,quantile,0.05,0
2023-10-14,2,wk inc hosp,2023-10-28,36,quantile,0.1,0
2023-10-14,2,wk inc hosp,2023-10-28,36,quantile,0.15,0
2023-10-14,2,wk inc hosp,2023-10-28,36,quantile,0.2,0
2023-10-14,2,wk inc hosp,2023-10-28,36,quantile,0.25,0.3001880018799845
2023-10-14,2,wk inc hosp,2023-10-28,36,quantile,0.3,9.255710557105544
2023-10-14,2,wk inc hosp,2023-10-28,36,quantile,0.35,17.162324623246203
2023-10-14,2,wk inc hosp,2023-10-28,36,quantile,0.4,24.3133361333613
2023-10-14,2,wk inc hosp,2023-10-28,36,quantile,0.45,30.737762377623753
2023-10-14,2,wk inc hosp,2023-10-28,36,quantile,0.5,37
2023-10-14,2,wk inc hosp,2023-10-28,36,quantile,0.55,43.47569025690255
2023-10-14,2,wk inc hosp,2023-10-28,36,quantile,0.6,50.32602826028262
2023-10-14,2,wk inc hosp,2023-10-28,36,quantile,0.65,58.36302163021632
2023-10-14,2,wk inc hosp,2023-10-28,36,quantile,0.7,67.94672146721464
2023-10-14,2,wk inc hosp,2023-10-28,36,quantile,0.75,81.03903289032888
2023-10-14,2,wk inc hosp,2023-10-28,36,quantile,0.8,101.15073850738517
2023-10-14,2,wk inc hosp,2023-10-28,36,quantile,0.85,141.85990259902593
2023-10-14,2,wk inc hosp,2023-10-28,36,quantile,0.9,233.9662566625667
2023-10-14,2,wk inc hosp,2023-10-28,36,quantile,0.95,325.0092510925108
2023-10-14,2,wk inc hosp,2023-10-28,36,quantile,0.975,436.8433949339492
2023-10-14,2,wk inc hosp,2023-10-28,36,quantile,0.99,527.3492855928548
2023-10-14,2,wk inc hosp,2023-10-28,37,quantile,0.01,0
2023-10-14,2,wk inc hosp,2023-10-28,37,quantile,0.025,0
2023-10-14,2,wk inc hosp,2023-10-28,37,quantile,0.05,0
2023-10-14,2,wk inc hosp,2023-10-28,37,quantile,0.1,0
2023-10-14,2,wk inc hosp,2023-10-28,37,quantile,0.15,0
2023-10-14,2,wk inc hosp,2023-10-28,37,quantile,0.2,5.64959249592496
2023-10-14,2,wk inc hosp,2023-10-28,37,quantile,0.25,13.318198181981803
2023-10-14,2,wk inc hosp,2023-10-28,37,quantile,0.3,19.373529735297332
2023-10-14,2,wk inc hosp,2023-10-28,37,quantile,0.35,24.322184721847208
2023-10-14,2,wk inc hosp,2023-10-28,37,quantile,0.4,28.817258172581717
2023-10-14,2,wk inc hosp,2023-10-28,37,quantile,0.45,32.81725817258172
2023-10-14,2,wk inc hosp,2023-10-28,37,quantile,0.5,37
2023-10-14,2,wk inc hosp,2023-10-28,37,quantile,0.55,41.36744967449674
2023-10-14,2,wk inc hosp,2023-10-28,37,quantile,0.6,45.81725817258172
2023-10-14,2,wk inc hosp,2023-10-28,37,quantile,0.65,50.59630946309461
2023-10-14,2,wk inc hosp,2023-10-28,37,quantile,0.7,55.92661626616264
2023-10-14,2,wk inc hosp,2023-10-28,37,quantile,0.75,63.37085120851211
2023-10-14,2,wk inc hosp,2023-10-28,37,quantile,0.8,74.12500725007253
2023-10-14,2,wk inc hosp,2023-10-28,37,quantile,0.85,92.4856558565585
2023-10-14,2,wk inc hosp,2023-10-28,37,quantile,0.9,113.34504845048446
2023-10-14,2,wk inc hosp,2023-10-28,37,quantile,0.95,143.96843018430184
2023-10-14,2,wk inc hosp,2023-10-28,37,quantile,0.975,199.0178489284892
2023-10-14,2,wk inc hosp,2023-10-28,37,quantile,0.99,258.5205851058509
2023-10-14,2,wk inc hosp,2023-10-28,38,quantile,0.01,0
2023-10-14,2,wk inc hosp,2023-10-28,38,quantile,0.025,0
2023-10-14,2,wk inc hosp,2023-10-28,38,quantile,0.05,0
2023-10-14,2,wk inc hosp,2023-10-28,38,quantile,0.1,0
2023-10-14,2,wk inc hosp,2023-10-28,38,quantile,0.15,0
2023-10-14,2,wk inc hosp,2023-10-28,38,quantile,0.2,0
2023-10-14,2,wk inc hosp,2023-10-28,38,quantile,0.25,0
2023-10-14,2,wk inc hosp,2023-10-28,38,quantile,0.3,0
2023-10-14,2,wk inc hosp,2023-10-28,38,quantile,0.35,0
2023-10-14,2,wk inc hosp,2023-10-28,38,quantile,0.4,0
2023-10-14,2,wk inc hosp,2023-10-28,38,quantile,0.45,0
2023-10-14,2,wk inc hosp,2023-10-28,38,quantile,0.5,0
2023-10-14,2,wk inc hosp,2023-10-28,38,quantile,0.55,1
2023-10-14,2,wk inc hosp,2023-10-28,38,quantile,0.6,2
2023-10-14,2,wk inc hosp,2023-10-28,38,quantile,0.65,2.3177101771017816
2023-10-14,2,wk inc hosp,2023-10-28,38,quantile,0.7,3.6819128191281925
2023-10-14,2,wk inc hosp,2023-10-28,38,quantile,0.75,5
2023-10-14,2,wk inc hosp,2023-10-28,38,quantile,0.8,7
2023-10-14,2,wk inc hosp,2023-10-28,38,quantile,0.85,9.797652476524775
2023-10-14,2,wk inc hosp,2023-10-28,38,quantile,0.9,13.913179131791367
2023-10-14,2,wk inc hosp,2023-10-28,38,quantile,0.95,23.209963099631064
2023-10-14,2,wk inc hosp,2023-10-28,38,quantile,0.975,30
2023-10-14,2,wk inc hosp,2023-10-28,38,quantile,0.99,35.112925629256246
2023-10-14,2,wk inc hosp,2023-10-28,39,quantile,0.01,0
2023-10-14,2,wk inc hosp,2023-10-28,39,quantile,0.025,0
2023-10-14,2,wk inc hosp,2023-10-28,39,quantile,0.05,0
2023-10-14,2,wk inc hosp,2023-10-28,39,quantile,0.1,0
2023-10-14,2,wk inc hosp,2023-10-28,39,quantile,0.15,0
2023-10-14,2,wk inc hosp,2023-10-28,39,quantile,0.2,0
2023-10-14,2,wk inc hosp,2023-10-28,39,quantile,0.25,0
2023-10-14,2,wk inc hosp,2023-10-28,39,quantile,0.3,3.143806438064378
2023-10-14,2,wk inc hosp,2023-10-28,39,quantile,0.35,7.560333103331023
2023-10-14,2,wk inc hosp,2023-10-28,39,quantile,0.4,11
2023-10-14,2,wk inc hosp,2023-10-28,39,quantile,0.45,14.742756927569292
2023-10-14,2,wk inc hosp,2023-10-28,39,quantile,0.5,18
2023-10-14,2,wk inc hosp,2023-10-28,39,quantile,0.55,21
2023-10-14,2,wk inc hosp,2023-10-28,39,quantile,0.6,25
2023-10-14,2,wk inc hosp,2023-10-28,39,quantile,0.65,29.10365003650038
2023-10-14,2,wk inc hosp,2023-10-28,39,quantile,0.7,35
2023-10-14,2,wk inc hosp,2023-10-28,39,quantile,0.75,42.41114661146611
2023-10-14,2,wk inc hosp,2023-10-28,39,quantile,0.8,54.085838858388684
2023-10-14,2,wk inc hosp,2023-10-28,39,quantile,0.85,77.89261692616924
2023-10-14,2,wk inc hosp,2023-10-28,39,quantile,0.9,102.49529295292953
2023-10-14,2,wk inc hosp,2023-10-28,39,quantile,0.95,222.97310223102207
2023-10-14,2,wk inc hosp,2023-10-28,39,quantile,0.975,293.056469564695
2023-10-14,2,wk inc hosp,2023-10-28,39,quantile,0.99,361.93153601536073
2023-10-14,2,wk inc hosp,2023-10-28,40,quantile,0.01,0
2023-10-14,2,wk inc hosp,2023-10-28,40,quantile,0.025,0
2023-10-14,2,wk inc hosp,2023-10-28,40,quantile,0.05,0
2023-10-14,2,wk inc hosp,2023-10-28,40,quantile,0.1,0
2023-10-14,2,wk inc hosp,2023-10-28,40,quantile,0.15,0
2023-10-14,2,wk inc hosp,2023-10-28,40,quantile,0.2,0
2023-10-14,2,wk inc hosp,2023-10-28,40,quantile,0.25,0
2023-10-14,2,wk inc hosp,2023-10-28,40,quantile,0.3,0
2023-10-14,2,wk inc hosp,2023-10-28,40,quantile,0.35,3.8549700497004835
2023-10-14,2,wk inc hosp,2023-10-28,40,quantile,0.4,7.667396673966742
2023-10-14,2,wk inc hosp,2023-10-28,40,quantile,0.45,11.667396673966742
2023-10-14,2,wk inc hosp,2023-10-28,40,quantile,0.5,15
2023-10-14,2,wk inc hosp,2023-10-28,40,quantile,0.55,18.667396673966742
2023-10-14,2,wk inc hosp,2023-10-28,40,quantile,0.6,22.78664586645867
2023-10-14,2,wk inc hosp,2023-10-28,40,quantile,0.65,27.667396673966742
2023-10-14,2,wk inc hosp,2023-10-28,40,quantile,0.7,33.62099820998207
2023-10-14,2,wk inc hosp,2023-10-28,40,quantile,0.75,41.41715417154174
2023-10-14,2,wk inc hosp,2023-10-28,40,quantile,0.8,52.85807258072582
2023-10-14,2,wk inc hosp,2023-10-28,40,quantile,0.85,73.24597745977452
2023-10-14,2,wk inc hosp,2023-10-28,40,quantile,0.9,99.72090420904215
2023-10-14,2,wk inc hosp,2023-10-28,40,quantile,0.95,186.65139601396015
2023-10-14,2,wk inc hosp,2023-10-28,40,quantile,0.975,241.4444061940617
2023-10-14,2,wk inc hosp,2023-10-28,40,quantile,0.99,337.6799164991627
2023-10-14,2,wk inc hosp,2023-10-28,41,quantile,0.01,0
2023-10-14,2,wk inc hosp,2023-10-28,41,quantile,0.025,0
2023-10-14,2,wk inc hosp,2023-10-28,41,quantile,0.05,0
2023-10-14,2,wk inc hosp,2023-10-28,41,quantile,0.1,0
2023-10-14,2,wk inc hosp,2023-10-28,41,quantile,0.15,0
2023-10-14,2,wk inc hosp,2023-10-28,41,quantile,0.2,0
2023-10-14,2,wk inc hosp,2023-10-28,41,quantile,0.25,0
2023-10-14,2,wk inc hosp,2023-10-28,41,quantile,0.3,2
2023-10-14,2,wk inc hosp,2023-10-28,41,quantile,0.35,3
2023-10-14,2,wk inc hosp,2023-10-28,41,quantile,0.4,4
2023-10-14,2,wk inc hosp,2023-10-28,41,quantile,0.45,5
2023-10-14,2,wk inc hosp,2023-10-28,41,quantile,0.5,6
2023-10-14,2,wk inc hosp,2023-10-28,41,quantile,0.55,7
2023-10-14,2,wk inc hosp,2023-10-28,41,quantile,0.6,8.195281952819663
2023-10-14,2,wk inc hosp,2023-10-28,41,quantile,0.65,10
2023-10-14,2,wk inc hosp,2023-10-28,41,quantile,0.7,11
2023-10-14,2,wk inc hosp,2023-10-28,41,quantile,0.75,13.839823398234051
2023-10-14,2,wk inc hosp,2023-10-28,41,quantile,0.8,18.309197091970947
2023-10-14,2,wk inc hosp,2023-10-28,41,quantile,0.85,30.22707527075271
2023-10-14,2,wk inc hosp,2023-10-28,41,quantile,0.9,71.89093890938899
2023-10-14,2,wk inc hosp,2023-10-28,41,quantile,0.95,165.1320508205074
2023-10-14,2,wk inc hosp,2023-10-28,41,quantile,0.975,230.97222422224215
2023-10-14,2,wk inc hosp,2023-10-28,41,quantile,0.99,257.11781947819463
2023-10-14,2,wk inc hosp,2023-10-28,42,quantile,0.01,0
2023-10-14,2,wk inc hosp,2023-10-28,42,quantile,0.025,0
2023-10-14,2,wk inc hosp,2023-10-28,42,quantile,0.05,0
2023-10-14,2,wk inc hosp,2023-10-28,42,quantile,0.1,0
2023-10-14,2,wk inc hosp,2023-10-28,42,quantile,0.15,0
2023-10-14,2,wk inc hosp,2023-10-28,42,quantile,0.2,1.298937989379887
2023-10-14,2,wk inc hosp,2023-10-28,42,quantile,0.25,10.504000040000397
2023-10-14,2,wk inc hosp,2023-10-28,42,quantile,0.3,18.25233652336522
2023-10-14,2,wk inc hosp,2023-10-28,42,quantile,0.35,24.558699586995864
2023-10-14,2,wk inc hosp,2023-10-28,42,quantile,0.4,30.298937989379887
2023-10-14,2,wk inc hosp,2023-10-28,42,quantile,0.45,35.814921149211486
2023-10-14,2,wk inc hosp,2023-10-28,42,quantile,0.5,41
2023-10-14,2,wk inc hosp,2023-10-28,42,quantile,0.55,46.29893798937989
2023-10-14,2,wk inc hosp,2023-10-28,42,quantile,0.6,51.804731047310426
2023-10-14,2,wk inc hosp,2023-10-28,42,quantile,0.65,58.08772287722877
2023-10-14,2,wk inc hosp,2023-10-28,42,quantile,0.7,65.29893798937988
2023-10-14,2,wk inc hosp,2023-10-28,42,quantile,0.75,74.15833908339081
2023-10-14,2,wk inc hosp,2023-10-28,42,quantile,0.8,87.21500115001156
2023-10-14,2,wk inc hosp,2023-10-28,42,quantile,0.85,109.15064000640004
2023-10-14,2,wk inc hosp,2023-10-28,42,quantile,0.9,156.96947769477737
2023-10-14,2,wk inc hosp,2023-10-28,42,quantile,0.95,268.45599105990954
2023-10-14,2,wk inc hosp,2023-10-28,42,quantile,0.975,370.40364978649814
2023-10-14,2,wk inc hosp,2023-10-28,42,quantile,0.99,505.28428434284075
2023-10-14,2,wk inc hosp,2023-10-28,44,quantile,0.01,0
2023-10-14,2,wk inc hosp,2023-10-28,44,quantile,0.025,0
2023-10-14,2,wk inc hosp,2023-10-28,44,quantile,0.05,0
2023-10-14,2,wk inc hosp,2023-10-28,44,quantile,0.1,0
2023-10-14,2,wk inc hosp,2023-10-28,44,quantile,0.15,0
2023-10-14,2,wk inc hosp,2023-10-28,44,quantile,0.2,0
2023-10-14,2,wk inc hosp,2023-10-28,44,quantile,0.25,0
2023-10-14,2,wk inc hosp,2023-10-28,44,quantile,0.3,0
2023-10-14,2,wk inc hosp,2023-10-28,44,quantile,0.35,0
2023-10-14,2,wk inc hosp,2023-10-28,44,quantile,0.4,0.3192891928919378
2023-10-14,2,wk inc hosp,2023-10-28,44,quantile,0.45,1
2023-10-14,2,wk inc hosp,2023-10-28,44,quantile,0.5,1
2023-10-14,2,wk inc hosp,2023-10-28,44,quantile,0.55,2
2023-10-14,2,wk inc hosp,2023-10-28,44,quantile,0.6,2
2023-10-14,2,wk inc hosp,2023-10-28,44,quantile,0.65,3
2023-10-14,2,wk inc hosp,2023-10-28,44,quantile,0.7,3
2023-10-14,2,wk inc hosp,2023-10-28,44,quantile,0.75,4
2023-10-14,2,wk inc hosp,2023-10-28,44,quantile,0.8,5
2023-10-14,2,wk inc hosp,2023-10-28,44,quantile,0.85,7
2023-10-14,2,wk inc hosp,2023-10-28,44,quantile,0.9,10
2023-10-14,2,wk inc hosp,2023-10-28,44,quantile,0.95,15.985581355813576
2023-10-14,2,wk inc hosp,2023-10-28,44,quantile,0.975,24.986104111040905
2023-10-14,2,wk inc hosp,2023-10-28,44,quantile,0.99,31.135889258892522
2023-10-14,2,wk inc hosp,2023-10-28,45,quantile,0.01,0
2023-10-14,2,wk inc hosp,2023-10-28,45,quantile,0.025,0
2023-10-14,2,wk inc hosp,2023-10-28,45,quantile,0.05,0
2023-10-14,2,wk inc hosp,2023-10-28,45,quantile,0.1,0
2023-10-14,2,wk inc hosp,2023-10-28,45,quantile,0.15,1.1667946679466803
2023-10-14,2,wk inc hosp,2023-10-28,45,quantile,0.2,6
2023-10-14,2,wk inc hosp,2023-10-28,45,quantile,0.25,9.513190131901318
2023-10-14,2,wk inc hosp,2023-10-28,45,quantile,0.3,12.525105251052516
2023-10-14,2,wk inc hosp,2023-10-28,45,quantile,0.35,15
2023-10-14,2,wk inc hosp,2023-10-28,45,quantile,0.4,17.79503795037951
2023-10-14,2,wk inc hosp,2023-10-28,45,quantile,0.45,20
2023-10-14,2,wk inc hosp,2023-10-28,45,quantile,0.5,22
2023-10-14,2,wk inc hosp,2023-10-28,45,quantile,0.55,24.447312473124725
2023-10-14,2,wk inc hosp,2023-10-28,45,quantile,0.6,27
2023-10-14,2,wk inc hosp,2023-10-28,45,quantile,0.65,29
2023-10-14,2,wk inc hosp,2023-10-28,45,quantile,0.7,32
2023-10-14,2,wk inc hosp,2023-10-28,45,quantile,0.75,35
2023-10-14,2,wk inc hosp,2023-10-28,45,quantile,0.8,39
2023-10-14,2,wk inc hosp,2023-10-28,45,quantile,0.85,44.758749087490855
2023-10-14,2,wk inc hosp,2023-10-28,45,quantile,0.9,54.37862478624789
2023-10-14,2,wk inc hosp,2023-10-28,45,quantile,0.95,81.72640626406252
2023-10-14,2,wk inc hosp,2023-10-28,45,quantile,0.975,104.85764832648303
2023-10-14,2,wk inc hosp,2023-10-28,45,quantile,0.99,118.01976379763784
2023-10-14,2,wk inc hosp,2023-10-28,46,quantile,0.01,0
2023-10-14,2,wk inc hosp,2023-10-28,46,quantile,0.025,0
2023-10-14,2,wk inc hosp,2023-10-28,46,quantile,0.05,0
2023-10-14,2,wk inc hosp,2023-10-28,46,quantile,0.1,0
2023-10-14,2,wk inc hosp,2023-10-28,46,quantile,0.15,0
2023-10-14,2,wk inc hosp,2023-10-28,46,quantile,0.2,0
2023-10-14,2,wk inc hosp,2023-10-28,46,quantile,0.25,0
2023-10-14,2,wk inc hosp,2023-10-28,46,quantile,0.3,0
2023-10-14,2,wk inc hosp,2023-10-28,46,quantile,0.35,0
2023-10-14,2,wk inc hosp,2023-10-28,46,quantile,0.4,0
2023-10-14,2,wk inc hosp,2023-10-28,46,quantile,0.45,0
2023-10-14,2,wk inc hosp,2023-10-28,46,quantile,0.5,0
2023-10-14,2,wk inc hosp,2023-10-28,46,quantile,0.55,0.6301243012430299
2023-10-14,2,wk inc hosp,2023-10-28,46,quantile,0.6,2.0201702017020295
2023-10-14,2,wk inc hosp,2023-10-28,46,quantile,0.65,3.1384113841138515
2023-10-14,2,wk inc hosp,2023-10-28,46,quantile,0.7,4.1384113841138515
2023-10-14,2,wk inc hosp,2023-10-28,46,quantile,0.75,6.1384113841138515
2023-10-14,2,wk inc hosp,2023-10-28,46,quantile,0.8,8.138411384113851
2023-10-14,2,wk inc hosp,2023-10-28,46,quantile,0.85,10.593173431734337
2023-10-14,2,wk inc hosp,2023-10-28,46,quantile,0.9,14.28447284472857
2023-10-14,2,wk inc hosp,2023-10-28,46,quantile,0.95,21.981569815698208
2023-10-14,2,wk inc hosp,2023-10-28,46,quantile,0.975,30.30376553765538
2023-10-14,2,wk inc hosp,2023-10-28,46,quantile,0.99,42.042483024830666
2023-10-14,2,wk inc hosp,2023-10-28,47,quantile,0.01,0
2023-10-14,2,wk inc hosp,2023-10-28,47,quantile,0.025,0
2023-10-14,2,wk inc hosp,2023-10-28,47,quantile,0.05,0
2023-10-14,2,wk inc hosp,2023-10-28,47,quantile,0.1,0
2023-10-14,2,wk inc hosp,2023-10-28,47,quantile,0.15,0
2023-10-14,2,wk inc hosp,2023-10-28,47,quantile,0.2,3.337525375253767
2023-10-14,2,wk inc hosp,2023-10-28,47,quantile,0.25,8.925509255092553
2023-10-14,2,wk inc hosp,2023-10-28,47,quantile,0.3,13.925509255092553
2023-10-14,2,wk inc hosp,2023-10-28,47,quantile,0.35,17.925509255092553
2023-10-14,2,wk inc hosp,2023-10-28,47,quantile,0.4,21.925509255092553
2023-10-14,2,wk inc hosp,2023-10-28,47,quantile,0.45,25.625744257442587
2023-10-14,2,wk inc hosp,2023-10-28,47,quantile,0.5,29
2023-10-14,2,wk inc hosp,2023-10-28,47,quantile,0.55,32.92550925509255
2023-10-14,2,wk inc hosp,2023-10-28,47,quantile,0.6,36.72490924909247
2023-10-14,2,wk inc hosp,2023-10-28,47,quantile,0.65,40.70257652576527
2023-10-14,2,wk inc hosp,2023-10-28,47,quantile,0.7,44.92550925509255
2023-10-14,2,wk inc hosp,2023-10-28,47,quantile,0.75,50.41769667696678
2023-10-14,2,wk inc hosp,2023-10-28,47,quantile,0.8,57.15495154951549
2023-10-14,2,wk inc hosp,2023-10-28,47,quantile,0.85,67.55883858838584
2023-10-14,2,wk inc hosp,2023-10-28,47,quantile,0.9,94.30541505415118
2023-10-14,2,wk inc hosp,2023-10-28,47,quantile,0.95,189.44167541675176
2023-10-14,2,wk inc hosp,2023-10-28,47,quantile,0.975,234.81601516015155
2023-10-14,2,wk inc hosp,2023-10-28,47,quantile,0.99,255.8392019920199
2023-10-14,2,wk inc hosp,2023-10-28,48,quantile,0.01,0
2023-10-14,2,wk inc hosp,2023-10-28,48,quantile,0.025,0
2023-10-14,2,wk inc hosp,2023-10-28,48,quantile,0.05,0
2023-10-14,2,wk inc hosp,2023-10-28,48,quantile,0.1,0
2023-10-14,2,wk inc hosp,2023-10-28,48,quantile,0.15,0
2023-10-14,2,wk inc hosp,2023-10-28,48,quantile,0.2,7.248162481624855
2023-10-14,2,wk inc hosp,2023-10-28,48,quantile,0.25,35.850856008560044
2023-10-14,2,wk inc hosp,2023-10-28,48,quantile,0.3,64.93232132321323
2023-10-14,2,wk inc hosp,2023-10-28,48,quantile,0.35,81.55043400434006
2023-10-14,2,wk inc hosp,2023-10-28,48,quantile,0.4,93.2509425094251
2023-10-14,2,wk inc hosp,2023-10-28,48,quantile,0.45,102.920049200492
2023-10-14,2,wk inc hosp,2023-10-28,48,quantile,0.5,112
2023-10-14,2,wk inc hosp,2023-10-28,48,quantile,0.55,121.59165841658417
2023-10-14,2,wk inc hosp,2023-10-28,48,quantile,0.6,131.66353463534634
2023-10-14,2,wk inc hosp,2023-10-28,48,quantile,0.65,144.38167531675316
2023-10-14,2,wk inc hosp,2023-10-28,48,quantile,0.7,164.38027080270797
2023-10-14,2,wk inc hosp,2023-10-28,48,quantile,0.75,197.44439944399443
2023-10-14,2,wk inc hosp,2023-10-28,48,quantile,0.8,236.07049670496752
2023-10-14,2,wk inc hosp,2023-10-28,48,quantile,0.85,283.0703822038222
2023-10-14,2,wk inc hosp,2023-10-28,48,quantile,0.9,360.7835998359985
2023-10-14,2,wk inc hosp,2023-10-28,48,quantile,0.95,488.73243032430315
2023-10-14,2,wk inc hosp,2023-10-28,48,quantile,0.975,582.3701962019609
2023-10-14,2,wk inc hosp,2023-10-28,48,quantile,0.99,692.9180107801072
2023-10-14,2,wk inc hosp,2023-10-28,49,quantile,0.01,0
2023-10-14,2,wk inc hosp,2023-10-28,49,quantile,0.025,0
2023-10-14,2,wk inc hosp,2023-10-28,49,quantile,0.05,0
2023-10-14,2,wk inc hosp,2023-10-28,49,quantile,0.1,0
2023-10-14,2,wk inc hosp,2023-10-28,49,quantile,0.15,0
2023-10-14,2,wk inc hosp,2023-10-28,49,quantile,0.2,0
2023-10-14,2,wk inc hosp,2023-10-28,49,quantile,0.25,0
2023-10-14,2,wk inc hosp,2023-10-28,49,quantile,0.3,1
2023-10-14,2,wk inc hosp,2023-10-28,49,quantile,0.35,2
2023-10-14,2,wk inc hosp,2023-10-28,49,quantile,0.4,2.721615216152165
2023-10-14,2,wk inc hosp,2023-10-28,49,quantile,0.45,3
2023-10-14,2,wk inc hosp,2023-10-28,49,quantile,0.5,4
2023-10-14,2,wk inc hosp,2023-10-28,49,quantile,0.55,5
2023-10-14,2,wk inc hosp,2023-10-28,49,quantile,0.6,6
2023-10-14,2,wk inc hosp,2023-10-28,49,quantile,0.65,7
2023-10-14,2,wk inc hosp,2023-10-28,49,quantile,0.7,8
2023-10-14,2,wk inc hosp,2023-10-28,49,quantile,0.75,9.695291952919531
2023-10-14,2,wk inc hosp,2023-10-28,49,quantile,0.8,11.06638066380664
2023-10-14,2,wk inc hosp,2023-10-28,49,quantile,0.85,14
2023-10-14,2,wk inc hosp,2023-10-28,49,quantile,0.9,19
2023-10-14,2,wk inc hosp,2023-10-28,49,quantile,0.95,25.569126691266863
2023-10-14,2,wk inc hosp,2023-10-28,49,quantile,0.975,30.992811678116787
2023-10-14,2,wk inc hosp,2023-10-28,49,quantile,0.99,40.24022680226791
2023-10-14,2,wk inc hosp,2023-10-28,50,quantile,0.01,0
2023-10-14,2,wk inc hosp,2023-10-28,50,quantile,0.025,0
2023-10-14,2,wk inc hosp,2023-10-28,50,quantile,0.05,0
2023-10-14,2,wk inc hosp,2023-10-28,50,quantile,0.1,0
2023-10-14,2,wk inc hosp,2023-10-28,50,quantile,0.15,0
2023-10-14,2,wk inc hosp,2023-10-28,50,quantile,0.2,0
2023-10-14,2,wk inc hosp,2023-10-28,50,quantile,0.25,0
2023-10-14,2,wk inc hosp,2023-10-28,50,quantile,0.3,0
2023-10-14,2,wk inc hosp,2023-10-28,50,quantile,0.35,0
2023-10-14,2,wk inc hosp,2023-10-28,50,quantile,0.4,0
2023-10-14,2,wk inc hosp,2023-10-28,50,quantile,0.45,0
2023-10-14,2,wk inc hosp,2023-10-28,50,quantile,0.5,7.225072250705011e-4
2023-10-14,2,wk inc hosp,2023-10-28,50,quantile,0.55,0.08873588735885107
2023-10-14,2,wk inc hosp,2023-10-28,50,quantile,0.6,0.08873588735885107
2023-10-14,2,wk inc hosp,2023-10-28,50,quantile,0.65,1.088735887358851
2023-10-14,2,wk inc hosp,2023-10-28,50,quantile,0.7,1.088735887358851
2023-10-14,2,wk inc hosp,2023-10-28,50,quantile,0.75,2.088735887358851
2023-10-14,2,wk inc hosp,2023-10-28,50,quantile,0.8,3.088735887358851
2023-10-14,2,wk inc hosp,2023-10-28,50,quantile,0.85,4.088735887358851
2023-10-14,2,wk inc hosp,2023-10-28,50,quantile,0.9,8.088735887358851
2023-10-14,2,wk inc hosp,2023-10-28,50,quantile,0.95,15.396502465024655
2023-10-14,2,wk inc hosp,2023-10-28,50,quantile,0.975,23.311371863718588
2023-10-14,2,wk inc hosp,2023-10-28,50,quantile,0.99,33.30986809868101
2023-10-14,2,wk inc hosp,2023-10-28,51,quantile,0.01,0
2023-10-14,2,wk inc hosp,2023-10-28,51,quantile,0.025,0
2023-10-14,2,wk inc hosp,2023-10-28,51,quantile,0.05,0
2023-10-14,2,wk inc hosp,2023-10-28,51,quantile,0.1,0
2023-10-14,2,wk inc hosp,2023-10-28,51,quantile,0.15,16.437682876828767
2023-10-14,2,wk inc hosp,2023-10-28,51,quantile,0.2,25.216670166701665
2023-10-14,2,wk inc hosp,2023-10-28,51,quantile,0.25,31.176941769417745
2023-10-14,2,wk inc hosp,2023-10-28,51,quantile,0.3,36
2023-10-14,2,wk inc hosp,2023-10-28,51,quantile,0.35,39.92775827758277
2023-10-14,2,wk inc hosp,2023-10-28,51,quantile,0.4,43.22444024440245
2023-10-14,2,wk inc hosp,2023-10-28,51,quantile,0.45,46.939993399933996
2023-10-14,2,wk inc hosp,2023-10-28,51,quantile,0.5,50
2023-10-14,2,wk inc hosp,2023-10-28,51,quantile,0.55,53.30971609716097
2023-10-14,2,wk inc hosp,2023-10-28,51,quantile,0.6,57
2023-10-14,2,wk inc hosp,2023-10-28,51,quantile,0.65,60.39408544085441
2023-10-14,2,wk inc hosp,2023-10-28,51,quantile,0.7,64.5508265082651
2023-10-14,2,wk inc hosp,2023-10-28,51,quantile,0.75,69.02263022630227
2023-10-14,2,wk inc hosp,2023-10-28,51,quantile,0.8,75.24393043930444
2023-10-14,2,wk inc hosp,2023-10-28,51,quantile,0.85,85.81060010600105
2023-10-14,2,wk inc hosp,2023-10-28,51,quantile,0.9,117.4678636786368
2023-10-14,2,wk inc hosp,2023-10-28,51,quantile,0.95,160.811356113561
2023-10-14,2,wk inc hosp,2023-10-28,51,quantile,0.975,181.82621951219514
2023-10-14,2,wk inc hosp,2023-10-28,51,quantile,0.99,200.11830048300465
2023-10-14,2,wk inc hosp,2023-10-28,53,quantile,0.01,0
2023-10-14,2,wk inc hosp,2023-10-28,53,quantile,0.025,0
2023-10-14,2,wk inc hosp,2023-10-28,53,quantile,0.05,0
2023-10-14,2,wk inc hosp,2023-10-28,53,quantile,0.1,0
2023-10-14,2,wk inc hosp,2023-10-28,53,quantile,0.15,0
2023-10-14,2,wk inc hosp,2023-10-28,53,quantile,0.2,0
2023-10-14,2,wk inc hosp,2023-10-28,53,quantile,0.25,0
2023-10-14,2,wk inc hosp,2023-10-28,53,quantile,0.3,0
2023-10-14,2,wk inc hosp,2023-10-28,53,quantile,0.35,0
2023-10-14,2,wk inc hosp,2023-10-28,53,quantile,0.4,0
2023-10-14,2,wk inc hosp,2023-10-28,53,quantile,0.45,2
2023-10-14,2,wk inc hosp,2023-10-28,53,quantile,0.5,4
2023-10-14,2,wk inc hosp,2023-10-28,53,quantile,0.55,6
2023-10-14,2,wk inc hosp,2023-10-28,53,quantile,0.6,8.454234542345423
2023-10-14,2,wk inc hosp,2023-10-28,53,quantile,0.65,11
2023-10-14,2,wk inc hosp,2023-10-28,53,quantile,0.7,14.324270242702422
2023-10-14,2,wk inc hosp,2023-10-28,53,quantile,0.75,18.427206772067727
2023-10-14,2,wk inc hosp,2023-10-28,53,quantile,0.8,24
2023-10-14,2,wk inc hosp,2023-10-28,53,quantile,0.85,34.50736057360574
2023-10-14,2,wk inc hosp,2023-10-28,53,quantile,0.9,71.77688476884772
2023-10-14,2,wk inc hosp,2023-10-28,53,quantile,0.95,158.98499234992332
2023-10-14,2,wk inc hosp,2023-10-28,53,quantile,0.975,240.76759392593962
2023-10-14,2,wk inc hosp,2023-10-28,53,quantile,0.99,328.07258122581186
2023-10-14,2,wk inc hosp,2023-10-28,54,quantile,0.01,0
2023-10-14,2,wk inc hosp,2023-10-28,54,quantile,0.025,0
2023-10-14,2,wk inc hosp,2023-10-28,54,quantile,0.05,0
2023-10-14,2,wk inc hosp,2023-10-28,54,quantile,0.1,0
2023-10-14,2,wk inc hosp,2023-10-28,54,quantile,0.15,0
2023-10-14,2,wk inc hosp,2023-10-28,54,quantile,0.2,0
2023-10-14,2,wk inc hosp,2023-10-28,54,quantile,0.25,0
2023-10-14,2,wk inc hosp,2023-10-28,54,quantile,0.3,0
2023-10-14,2,wk inc hosp,2023-10-28,54,quantile,0.35,0
2023-10-14,2,wk inc hosp,2023-10-28,54,quantile,0.4,0
2023-10-14,2,wk inc hosp,2023-10-28,54,quantile,0.45,0
2023-10-14,2,wk inc hosp,2023-10-28,54,quantile,0.5,2
2023-10-14,2,wk inc hosp,2023-10-28,54,quantile,0.55,3
2023-10-14,2,wk inc hosp,2023-10-28,54,quantile,0.6,5
2023-10-14,2,wk inc hosp,2023-10-28,54,quantile,0.65,7
2023-10-14,2,wk inc hosp,2023-10-28,54,quantile,0.7,9
2023-10-14,2,wk inc hosp,2023-10-28,54,quantile,0.75,12
2023-10-14,2,wk inc hosp,2023-10-28,54,quantile,0.8,16.308897088970877
2023-10-14,2,wk inc hosp,2023-10-28,54,quantile,0.85,24.36173311733102
2023-10-14,2,wk inc hosp,2023-10-28,54,quantile,0.9,38.38757387573879
2023-10-14,2,wk inc hosp,2023-10-28,54,quantile,0.95,57.12957629576292
2023-10-14,2,wk inc hosp,2023-10-28,54,quantile,0.975,90.79733372333715
2023-10-14,2,wk inc hosp,2023-10-28,54,quantile,0.99,121.13264202642019
2023-10-14,2,wk inc hosp,2023-10-28,55,quantile,0.01,0
2023-10-14,2,wk inc hosp,2023-10-28,55,quantile,0.025,0
2023-10-14,2,wk inc hosp,2023-10-28,55,quantile,0.05,0
2023-10-14,2,wk inc hosp,2023-10-28,55,quantile,0.1,0
2023-10-14,2,wk inc hosp,2023-10-28,55,quantile,0.15,0
2023-10-14,2,wk inc hosp,2023-10-28,55,quantile,0.2,0
2023-10-14,2,wk inc hosp,2023-10-28,55,quantile,0.25,0
2023-10-14,2,wk inc hosp,2023-10-28,55,quantile,0.3,0.022422224222238652
2023-10-14,2,wk inc hosp,2023-10-28,55,quantile,0.35,3
2023-10-14,2,wk inc hosp,2023-10-28,55,quantile,0.4,5
2023-10-14,2,wk inc hosp,2023-10-28,55,quantile,0.45,7.427474774747752
2023-10-14,2,wk inc hosp,2023-10-28,55,quantile,0.5,10
2023-10-14,2,wk inc hosp,2023-10-28,55,quantile,0.55,12
2023-10-14,2,wk inc hosp,2023-10-28,55,quantile,0.6,14.519191191911922
2023-10-14,2,wk inc hosp,2023-10-28,55,quantile,0.65,17.218512185121856
2023-10-14,2,wk inc hosp,2023-10-28,55,quantile,0.7,20.75771257712578
2023-10-14,2,wk inc hosp,2023-10-28,55,quantile,0.75,25
2023-10-14,2,wk inc hosp,2023-10-28,55,quantile,0.8,30.823528235282375
2023-10-14,2,wk inc hosp,2023-10-28,55,quantile,0.85,40.286515865158655
2023-10-14,2,wk inc hosp,2023-10-28,55,quantile,0.9,58.6001390013898
2023-10-14,2,wk inc hosp,2023-10-28,55,quantile,0.95,126.09550245502368
2023-10-14,2,wk inc hosp,2023-10-28,55,quantile,0.975,168.95638231382313
2023-10-14,2,wk inc hosp,2023-10-28,55,quantile,0.99,204.14918909189075
2023-10-14,2,wk inc hosp,2023-10-28,56,quantile,0.01,0
2023-10-14,2,wk inc hosp,2023-10-28,56,quantile,0.025,0
2023-10-14,2,wk inc hosp,2023-10-28,56,quantile,0.05,0
2023-10-14,2,wk inc hosp,2023-10-28,56,quantile,0.1,0
2023-10-14,2,wk inc hosp,2023-10-28,56,quantile,0.15,0
2023-10-14,2,wk inc hosp,2023-10-28,56,quantile,0.2,1.0960629606296062
2023-10-14,2,wk inc hosp,2023-10-28,56,quantile,0.25,2.6341563415634184
2023-10-14,2,wk inc hosp,2023-10-28,56,quantile,0.3,3.3394403944039377
2023-10-14,2,wk inc hosp,2023-10-28,56,quantile,0.35,4
2023-10-14,2,wk inc hosp,2023-10-28,56,quantile,0.4,5
2023-10-14,2,wk inc hosp,2023-10-28,56,quantile,0.45,5.301571515715191
2023-10-14,2,wk inc hosp,2023-10-28,56,quantile,0.5,6
2023-10-14,2,wk inc hosp,2023-10-28,56,quantile,0.55,7
2023-10-14,2,wk inc hosp,2023-10-28,56,quantile,0.6,7
2023-10-14,2,wk inc hosp,2023-10-28,56,quantile,0.65,8
2023-10-14,2,wk inc hosp,2023-10-28,56,quantile,0.7,9
2023-10-14,2,wk inc hosp,2023-10-28,56,quantile,0.75,10
2023-10-14,2,wk inc hosp,2023-10-28,56,quantile,0.8,11
2023-10-14,2,wk inc hosp,2023-10-28,56,quantile,0.85,13
2023-10-14,2,wk inc hosp,2023-10-28,56,quantile,0.9,16.035195351953334
2023-10-14,2,wk inc hosp,2023-10-28,56,quantile,0.95,25.621066710666973
2023-10-14,2,wk inc hosp,2023-10-28,56,quantile,0.975,36.355800308003055
2023-10-14,2,wk inc hosp,2023-10-28,56,quantile,0.99,42.53652696526964
2023-10-14,2,wk inc hosp,2023-10-28,72,quantile,0.01,38.644404044040435
2023-10-14,2,wk inc hosp,2023-10-28,72,quantile,0.025,51.87007770077701
2023-10-14,2,wk inc hosp,2023-10-28,72,quantile,0.05,63.976864768647694
2023-10-14,2,wk inc hosp,2023-10-28,72,quantile,0.1,76.66996269962699
2023-10-14,2,wk inc hosp,2023-10-28,72,quantile,0.15,84
2023-10-14,2,wk inc hosp,2023-10-28,72,quantile,0.2,89
2023-10-14,2,wk inc hosp,2023-10-28,72,quantile,0.25,93.22222472224723
2023-10-14,2,wk inc hosp,2023-10-28,72,quantile,0.3,97
2023-10-14,2,wk inc hosp,2023-10-28,72,quantile,0.35,100
2023-10-14,2,wk inc hosp,2023-10-28,72,quantile,0.4,103.07014470144713
2023-10-14,2,wk inc hosp,2023-10-28,72,quantile,0.45,106
2023-10-14,2,wk inc hosp,2023-10-28,72,quantile,0.5,109
2023-10-14,2,wk inc hosp,2023-10-28,72,quantile,0.55,112
2023-10-14,2,wk inc hosp,2023-10-28,72,quantile,0.6,115
2023-10-14,2,wk inc hosp,2023-10-28,72,quantile,0.65,118
2023-10-14,2,wk inc hosp,2023-10-28,72,quantile,0.7,121
2023-10-14,2,wk inc hosp,2023-10-28,72,quantile,0.75,125
2023-10-14,2,wk inc hosp,2023-10-28,72,quantile,0.8,129
2023-10-14,2,wk inc hosp,2023-10-28,72,quantile,0.85,134.0590420904209
2023-10-14,2,wk inc hosp,2023-10-28,72,quantile,0.9,141.20625506255067
2023-10-14,2,wk inc hosp,2023-10-28,72,quantile,0.95,154.00788107881087
2023-10-14,2,wk inc hosp,2023-10-28,72,quantile,0.975,165.7186614366143
2023-10-14,2,wk inc hosp,2023-10-28,72,quantile,0.99,178.67066420664204
2023-10-14,2,wk inc hosp,2023-10-28,US,quantile,0.01,0
2023-10-14,2,wk inc hosp,2023-10-28,US,quantile,0.025,0
2023-10-14,2,wk inc hosp,2023-10-28,US,quantile,0.05,0
2023-10-14,2,wk inc hosp,2023-10-28,US,quantile,0.1,0
2023-10-14,2,wk inc hosp,2023-10-28,US,quantile,0.15,48.95600706007092
2023-10-14,2,wk inc hosp,2023-10-28,US,quantile,0.2,431.6522805228057
2023-10-14,2,wk inc hosp,2023-10-28,US,quantile,0.25,642.1876443764437
2023-10-14,2,wk inc hosp,2023-10-28,US,quantile,0.3,777.4122761227613
2023-10-14,2,wk inc hosp,2023-10-28,US,quantile,0.35,883.2064630646307
2023-10-14,2,wk inc hosp,2023-10-28,US,quantile,0.4,969.3676456764572
2023-10-14,2,wk inc hosp,2023-10-28,US,quantile,0.45,1044.458415084151
2023-10-14,2,wk inc hosp,2023-10-28,US,quantile,0.5,1116
2023-10-14,2,wk inc hosp,2023-10-28,US,quantile,0.55,1185.6618046180465
2023-10-14,2,wk inc hosp,2023-10-28,US,quantile,0.6,1262.1011950119496
2023-10-14,2,wk inc hosp,2023-10-28,US,quantile,0.65,1350.69318393184
2023-10-14,2,wk inc hosp,2023-10-28,US,quantile,0.7,1459.5677016770167
2023-10-14,2,wk inc hosp,2023-10-28,US,quantile,0.75,1608.7026470264702
2023-10-14,2,wk inc hosp,2023-10-28,US,quantile,0.8,1867.3434974349768
2023-10-14,2,wk inc hosp,2023-10-28,US,quantile,0.85,2755.365577655779
2023-10-14,2,wk inc hosp,2023-10-28,US,quantile,0.9,3485.142913429138
2023-10-14,2,wk inc hosp,2023-10-28,US,quantile,0.95,5784.990644906449
2023-10-14,2,wk inc hosp,2023-10-28,US,quantile,0.975,8092.496726217259
2023-10-14,2,wk inc hosp,2023-10-28,US,quantile,0.99,9091.809558695584
2023-10-14,3,wk inc hosp,2023-11-04,01,quantile,0.01,0
2023-10-14,3,wk inc hosp,2023-11-04,01,quantile,0.025,0
2023-10-14,3,wk inc hosp,2023-11-04,01,quantile,0.05,0
2023-10-14,3,wk inc hosp,2023-11-04,01,quantile,0.1,0
2023-10-14,3,wk inc hosp,2023-11-04,01,quantile,0.15,0
2023-10-14,3,wk inc hosp,2023-11-04,01,quantile,0.2,0
2023-10-14,3,wk inc hosp,2023-11-04,01,quantile,0.25,1.043710437104373
2023-10-14,3,wk inc hosp,2023-11-04,01,quantile,0.3,5.392813928139283
2023-10-14,3,wk inc hosp,2023-11-04,01,quantile,0.35,9.392813928139283
2023-10-14,3,wk inc hosp,2023-11-04,01,quantile,0.4,13.359007590075912
2023-10-14,3,wk inc hosp,2023-11-04,01,quantile,0.45,16.44528395283954
2023-10-14,3,wk inc hosp,2023-11-04,01,quantile,0.5,20
2023-10-14,3,wk inc hosp,2023-11-04,01,quantile,0.55,23.392813928139283
2023-10-14,3,wk inc hosp,2023-11-04,01,quantile,0.6,26.96665766657667
2023-10-14,3,wk inc hosp,2023-11-04,01,quantile,0.65,30.882290822908224
2023-10-14,3,wk inc hosp,2023-11-04,01,quantile,0.7,35.39281392813928
2023-10-14,3,wk inc hosp,2023-11-04,01,quantile,0.75,40.75201002010022
2023-10-14,3,wk inc hosp,2023-11-04,01,quantile,0.8,48.189659896599046
2023-10-14,3,wk inc hosp,2023-11-04,01,quantile,0.85,60.48468084680875
2023-10-14,3,wk inc hosp,2023-11-04,01,quantile,0.9,85.348245482455
2023-10-14,3,wk inc hosp,2023-11-04,01,quantile,0.95,125.36068960689603
2023-10-14,3,wk inc hosp,2023-11-04,01,quantile,0.975,145.54265292652897
2023-10-14,3,wk inc hosp,2023-11-04,01,quantile,0.99,167.4597072970729
2023-10-14,3,wk inc hosp,2023-11-04,02,quantile,0.01,0
2023-10-14,3,wk inc hosp,2023-11-04,02,quantile,0.025,0
2023-10-14,3,wk inc hosp,2023-11-04,02,quantile,0.05,0
2023-10-14,3,wk inc hosp,2023-11-04,02,quantile,0.1,0
2023-10-14,3,wk inc hosp,2023-11-04,02,quantile,0.15,0
2023-10-14,3,wk inc hosp,2023-11-04,02,quantile,0.2,2
2023-10-14,3,wk inc hosp,2023-11-04,02,quantile,0.25,4
2023-10-14,3,wk inc hosp,2023-11-04,02,quantile,0.3,5.585825858258586
2023-10-14,3,wk inc hosp,2023-11-04,02,quantile,0.35,7
2023-10-14,3,wk inc hosp,2023-11-04,02,quantile,0.4,8
2023-10-14,3,wk inc hosp,2023-11-04,02,quantile,0.45,9
2023-10-14,3,wk inc hosp,2023-11-04,02,quantile,0.5,10
2023-10-14,3,wk inc hosp,2023-11-04,02,quantile,0.55,11
2023-10-14,3,wk inc hosp,2023-11-04,02,quantile,0.6,12
2023-10-14,3,wk inc hosp,2023-11-04,02,quantile,0.65,13.102564525645263
2023-10-14,3,wk inc hosp,2023-11-04,02,quantile,0.7,15
2023-10-14,3,wk inc hosp,2023-11-04,02,quantile,0.75,16.164246642466445
2023-10-14,3,wk inc hosp,2023-11-04,02,quantile,0.8,18.637442374423753
2023-10-14,3,wk inc hosp,2023-11-04,02,quantile,0.85,22
2023-10-14,3,wk inc hosp,2023-11-04,02,quantile,0.9,26.945665456654503
2023-10-14,3,wk inc hosp,2023-11-04,02,quantile,0.95,33.472175721757175
2023-10-14,3,wk inc hosp,2023-11-04,02,quantile,0.975,38.48315283152829
2023-10-14,3,wk inc hosp,2023-11-04,02,quantile,0.99,44.82713507135067
2023-10-14,3,wk inc hosp,2023-11-04,04,quantile,0.01,0
2023-10-14,3,wk inc hosp,2023-11-04,04,quantile,0.025,0
2023-10-14,3,wk inc hosp,2023-11-04,04,quantile,0.05,0
2023-10-14,3,wk inc hosp,2023-11-04,04,quantile,0.1,0
2023-10-14,3,wk inc hosp,2023-11-04,04,quantile,0.15,0
2023-10-14,3,wk inc hosp,2023-11-04,04,quantile,0.2,0
2023-10-14,3,wk inc hosp,2023-11-04,04,quantile,0.25,0
2023-10-14,3,wk inc hosp,2023-11-04,04,quantile,0.3,0
2023-10-14,3,wk inc hosp,2023-11-04,04,quantile,0.35,0
2023-10-14,3,wk inc hosp,2023-11-04,04,quantile,0.4,4.399942999429982
2023-10-14,3,wk inc hosp,2023-11-04,04,quantile,0.45,10.164452144521437
2023-10-14,3,wk inc hosp,2023-11-04,04,quantile,0.5,16
2023-10-14,3,wk inc hosp,2023-11-04,04,quantile,0.55,22.010186601865996
2023-10-14,3,wk inc hosp,2023-11-04,04,quantile,0.6,28.132226322263204
2023-10-14,3,wk inc hosp,2023-11-04,04,quantile,0.65,35.490612406124065
2023-10-14,3,wk inc hosp,2023-11-04,04,quantile,0.7,44.23261832618323
2023-10-14,3,wk inc hosp,2023-11-04,04,quantile,0.75,55.34864098640986
2023-10-14,3,wk inc hosp,2023-11-04,04,quantile,0.8,70.28966389663904
2023-10-14,3,wk inc hosp,2023-11-04,04,quantile,0.85,95.28284132841331
2023-10-14,3,wk inc hosp,2023-11-04,04,quantile,0.9,166.34768247682482
2023-10-14,3,wk inc hosp,2023-11-04,04,quantile,0.95,243.59836698366948
2023-10-14,3,wk inc hosp,2023-11-04,04,quantile,0.975,280.36363213632274
2023-10-14,3,wk inc hosp,2023-11-04,04,quantile,0.99,324.80174811748105
2023-10-14,3,wk inc hosp,2023-11-04,05,quantile,0.01,0
2023-10-14,3,wk inc hosp,2023-11-04,05,quantile,0.025,0
2023-10-14,3,wk inc hosp,2023-11-04,05,quantile,0.05,0
2023-10-14,3,wk inc hosp,2023-11-04,05,quantile,0.1,0
2023-10-14,3,wk inc hosp,2023-11-04,05,quantile,0.15,0
2023-10-14,3,wk inc hosp,2023-11-04,05,quantile,0.2,0
2023-10-14,3,wk inc hosp,2023-11-04,05,quantile,0.25,0
2023-10-14,3,wk inc hosp,2023-11-04,05,quantile,0.3,3.1934859348593534
2023-10-14,3,wk inc hosp,2023-11-04,05,quantile,0.35,7.029112791127899
2023-10-14,3,wk inc hosp,2023-11-04,05,quantile,0.4,10.276957769577695
2023-10-14,3,wk inc hosp,2023-11-04,05,quantile,0.45,13.615590655906558
2023-10-14,3,wk inc hosp,2023-11-04,05,quantile,0.5,17
2023-10-14,3,wk inc hosp,2023-11-04,05,quantile,0.55,20.276957769577695
2023-10-14,3,wk inc hosp,2023-11-04,05,quantile,0.6,23.59891098910989
2023-10-14,3,wk inc hosp,2023-11-04,05,quantile,0.65,27.34403194031944
2023-10-14,3,wk inc hosp,2023-11-04,05,quantile,0.7,32.263574635746366
2023-10-14,3,wk inc hosp,2023-11-04,05,quantile,0.75,38.14306893068932
2023-10-14,3,wk inc hosp,2023-11-04,05,quantile,0.8,46.28731587315875
2023-10-14,3,wk inc hosp,2023-11-04,05,quantile,0.85,58.501140511405126
2023-10-14,3,wk inc hosp,2023-11-04,05,quantile,0.9,74.90120801208012
2023-10-14,3,wk inc hosp,2023-11-04,05,quantile,0.95,103.90860958609605
2023-10-14,3,wk inc hosp,2023-11-04,05,quantile,0.975,138.4398223982239
2023-10-14,3,wk inc hosp,2023-11-04,05,quantile,0.99,180.19298792987908
2023-10-14,3,wk inc hosp,2023-11-04,06,quantile,0.01,0
2023-10-14,3,wk inc hosp,2023-11-04,06,quantile,0.025,0
2023-10-14,3,wk inc hosp,2023-11-04,06,quantile,0.05,0
2023-10-14,3,wk inc hosp,2023-11-04,06,quantile,0.1,0
2023-10-14,3,wk inc hosp,2023-11-04,06,quantile,0.15,0
2023-10-14,3,wk inc hosp,2023-11-04,06,quantile,0.2,0
2023-10-14,3,wk inc hosp,2023-11-04,06,quantile,0.25,0
2023-10-14,3,wk inc hosp,2023-11-04,06,quantile,0.3,1.6677326773267562
2023-10-14,3,wk inc hosp,2023-11-04,06,quantile,0.35,14.238819388193853
2023-10-14,3,wk inc hosp,2023-11-04,06,quantile,0.4,25.152589525895266
2023-10-14,3,wk inc hosp,2023-11-04,06,quantile,0.45,35.21457214572145
2023-10-14,3,wk inc hosp,2023-11-04,06,quantile,0.5,45
2023-10-14,3,wk inc hosp,2023-11-04,06,quantile,0.55,55.069209692096926
2023-10-14,3,wk inc hosp,2023-11-04,06,quantile,0.6,66.15468754687545
2023-10-14,3,wk inc hosp,2023-11-04,06,quantile,0.65,79.41794417944185
2023-10-14,3,wk inc hosp,2023-11-04,06,quantile,0.7,96.22429924299237
2023-10-14,3,wk inc hosp,2023-11-04,06,quantile,0.75,119.35170351703516
2023-10-14,3,wk inc hosp,2023-11-04,06,quantile,0.8,163.03816038160375
2023-10-14,3,wk inc hosp,2023-11-04,06,quantile,0.85,283.2218737187364
2023-10-14,3,wk inc hosp,2023-11-04,06,quantile,0.9,541.1060910609114
2023-10-14,3,wk inc hosp,2023-11-04,06,quantile,0.95,743.7419934199337
2023-10-14,3,wk inc hosp,2023-11-04,06,quantile,0.975,875.0166251662511
2023-10-14,3,wk inc hosp,2023-11-04,06,quantile,0.99,1089.72910609106
2023-10-14,3,wk inc hosp,2023-11-04,08,quantile,0.01,0
2023-10-14,3,wk inc hosp,2023-11-04,08,quantile,0.025,0
2023-10-14,3,wk inc hosp,2023-11-04,08,quantile,0.05,0
2023-10-14,3,wk inc hosp,2023-11-04,08,quantile,0.1,0
2023-10-14,3,wk inc hosp,2023-11-04,08,quantile,0.15,0
2023-10-14,3,wk inc hosp,2023-11-04,08,quantile,0.2,0
2023-10-14,3,wk inc hosp,2023-11-04,08,quantile,0.25,0
2023-10-14,3,wk inc hosp,2023-11-04,08,quantile,0.3,0
2023-10-14,3,wk inc hosp,2023-11-04,08,quantile,0.35,0
2023-10-14,3,wk inc hosp,2023-11-04,08,quantile,0.4,2.110997109971106
2023-10-14,3,wk inc hosp,2023-11-04,08,quantile,0.45,6
2023-10-14,3,wk inc hosp,2023-11-04,08,quantile,0.5,10
2023-10-14,3,wk inc hosp,2023-11-04,08,quantile,0.55,14
2023-10-14,3,wk inc hosp,2023-11-04,08,quantile,0.6,18.572051720517194
2023-10-14,3,wk inc hosp,2023-11-04,08,quantile,0.65,23.600334503345017
2023-10-14,3,wk inc hosp,2023-11-04,08,quantile,0.7,29.52900829008287
2023-10-14,3,wk inc hosp,2023-11-04,08,quantile,0.75,37
2023-10-14,3,wk inc hosp,2023-11-04,08,quantile,0.8,46.429892298922994
2023-10-14,3,wk inc hosp,2023-11-04,08,quantile,0.85,58.593925439254406
2023-10-14,3,wk inc hosp,2023-11-04,08,quantile,0.9,75.49174091740932
2023-10-14,3,wk inc hosp,2023-11-04,08,quantile,0.95,100.62501025010246
2023-10-14,3,wk inc hosp,2023-11-04,08,quantile,0.975,124.10535005350053
2023-10-14,3,wk inc hosp,2023-11-04,08,quantile,0.99,154.61425354253518
2023-10-14,3,wk inc hosp,2023-11-04,09,quantile,0.01,0
2023-10-14,3,wk inc hosp,2023-11-04,09,quantile,0.025,0
2023-10-14,3,wk inc hosp,2023-11-04,09,quantile,0.05,0
2023-10-14,3,wk inc hosp,2023-11-04,09,quantile,0.1,0
2023-10-14,3,wk inc hosp,2023-11-04,09,quantile,0.15,0
2023-10-14,3,wk inc hosp,2023-11-04,09,quantile,0.2,0
2023-10-14,3,wk inc hosp,2023-11-04,09,quantile,0.25,0
2023-10-14,3,wk inc hosp,2023-11-04,09,quantile,0.3,0
2023-10-14,3,wk inc hosp,2023-11-04,09,quantile,0.35,0
2023-10-14,3,wk inc hosp,2023-11-04,09,quantile,0.4,0
2023-10-14,3,wk inc hosp,2023-11-04,09,quantile,0.45,1.4771687716877104
2023-10-14,3,wk inc hosp,2023-11-04,09,quantile,0.5,4
2023-10-14,3,wk inc hosp,2023-11-04,09,quantile,0.55,6.388683886838862
2023-10-14,3,wk inc hosp,2023-11-04,09,quantile,0.6,8.52295722957224
2023-10-14,3,wk inc hosp,2023-11-04,09,quantile,0.65,11.388683886838862
2023-10-14,3,wk inc hosp,2023-11-04,09,quantile,0.7,14.992344923449231
2023-10-14,3,wk inc hosp,2023-11-04,09,quantile,0.75,19.520617706177063
2023-10-14,3,wk inc hosp,2023-11-04,09,quantile,0.8,26.233762337623443
2023-10-14,3,wk inc hosp,2023-11-04,09,quantile,0.85,36.82011070110692
2023-10-14,3,wk inc hosp,2023-11-04,09,quantile,0.9,56.02241422414226
2023-10-14,3,wk inc hosp,2023-11-04,09,quantile,0.95,92.00784657846572
2023-10-14,3,wk inc hosp,2023-11-04,09,quantile,0.975,126.47085245852315
2023-10-14,3,wk inc hosp,2023-11-04,09,quantile,0.99,191.7654521545202
2023-10-14,3,wk inc hosp,2023-11-04,10,quantile,0.01,0
2023-10-14,3,wk inc hosp,2023-11-04,10,quantile,0.025,0
2023-10-14,3,wk inc hosp,2023-11-04,10,quantile,0.05,0
2023-10-14,3,wk inc hosp,2023-11-04,10,quantile,0.1,0
2023-10-14,3,wk inc hosp,2023-11-04,10,quantile,0.15,0
2023-10-14,3,wk inc hosp,2023-11-04,10,quantile,0.2,0
2023-10-14,3,wk inc hosp,2023-11-04,10,quantile,0.25,0
2023-10-14,3,wk inc hosp,2023-11-04,10,quantile,0.3,0
2023-10-14,3,wk inc hosp,2023-11-04,10,quantile,0.35,0
2023-10-14,3,wk inc hosp,2023-11-04,10,quantile,0.4,0.5129351293513
2023-10-14,3,wk inc hosp,2023-11-04,10,quantile,0.45,1.5129351293513
2023-10-14,3,wk inc hosp,2023-11-04,10,quantile,0.5,2
2023-10-14,3,wk inc hosp,2023-11-04,10,quantile,0.55,2.6911524115241243
2023-10-14,3,wk inc hosp,2023-11-04,10,quantile,0.6,3.624328243282437
2023-10-14,3,wk inc hosp,2023-11-04,10,quantile,0.65,4.934249842498465
2023-10-14,3,wk inc hosp,2023-11-04,10,quantile,0.7,6.5129351293513
2023-10-14,3,wk inc hosp,2023-11-04,10,quantile,0.75,7.515660156601564
2023-10-14,3,wk inc hosp,2023-11-04,10,quantile,0.8,9.92411324113242
2023-10-14,3,wk inc hosp,2023-11-04,10,quantile,0.85,13.5129351293513
2023-10-14,3,wk inc hosp,2023-11-04,10,quantile,0.9,22.740464404643983
2023-10-14,3,wk inc hosp,2023-11-04,10,quantile,0.95,39.262533125331245
2023-10-14,3,wk inc hosp,2023-11-04,10,quantile,0.975,48.597587725877176
2023-10-14,3,wk inc hosp,2023-11-04,10,quantile,0.99,56.6484367843676
2023-10-14,3,wk inc hosp,2023-11-04,11,quantile,0.01,0
2023-10-14,3,wk inc hosp,2023-11-04,11,quantile,0.025,0
2023-10-14,3,wk inc hosp,2023-11-04,11,quantile,0.05,0
2023-10-14,3,wk inc hosp,2023-11-04,11,quantile,0.1,0
2023-10-14,3,wk inc hosp,2023-11-04,11,quantile,0.15,0
2023-10-14,3,wk inc hosp,2023-11-04,11,quantile,0.2,0
2023-10-14,3,wk inc hosp,2023-11-04,11,quantile,0.25,0
2023-10-14,3,wk inc hosp,2023-11-04,11,quantile,0.3,0
2023-10-14,3,wk inc hosp,2023-11-04,11,quantile,0.35,0
2023-10-14,3,wk inc hosp,2023-11-04,11,quantile,0.4,1
2023-10-14,3,wk inc hosp,2023-11-04,11,quantile,0.45,2
2023-10-14,3,wk inc hosp,2023-11-04,11,quantile,0.5,2
2023-10-14,3,wk inc hosp,2023-11-04,11,quantile,0.55,3
2023-10-14,3,wk inc hosp,2023-11-04,11,quantile,0.6,3.3676536765367615
2023-10-14,3,wk inc hosp,2023-11-04,11,quantile,0.65,4
2023-10-14,3,wk inc hosp,2023-11-04,11,quantile,0.7,5
2023-10-14,3,wk inc hosp,2023-11-04,11,quantile,0.75,6
2023-10-14,3,wk inc hosp,2023-11-04,11,quantile,0.8,8
2023-10-14,3,wk inc hosp,2023-11-04,11,quantile,0.85,10.542426924269247
2023-10-14,3,wk inc hosp,2023-11-04,11,quantile,0.9,14.436075360753623
2023-10-14,3,wk inc hosp,2023-11-04,11,quantile,0.95,21.11281912819118
2023-10-14,3,wk inc hosp,2023-11-04,11,quantile,0.975,25
2023-10-14,3,wk inc hosp,2023-11-04,11,quantile,0.99,29.536300263002598
2023-10-14,3,wk inc hosp,2023-11-04,12,quantile,0.01,0
2023-10-14,3,wk inc hosp,2023-11-04,12,quantile,0.025,0
2023-10-14,3,wk inc hosp,2023-11-04,12,quantile,0.05,0
2023-10-14,3,wk inc hosp,2023-11-04,12,quantile,0.1,51.45557955579551
2023-10-14,3,wk inc hosp,2023-11-04,12,quantile,0.15,88.7687931879318
2023-10-14,3,wk inc hosp,2023-11-04,12,quantile,0.2,120.45557955579551
2023-10-14,3,wk inc hosp,2023-11-04,12,quantile,0.25,146.9766522665226
2023-10-14,3,wk inc hosp,2023-11-04,12,quantile,0.3,168.7157041570415
2023-10-14,3,wk inc hosp,2023-11-04,12,quantile,0.35,186.37037170371698
2023-10-14,3,wk inc hosp,2023-11-04,12,quantile,0.4,202.35153251532512
2023-10-14,3,wk inc hosp,2023-11-04,12,quantile,0.45,216.47818428184277
2023-10-14,3,wk inc hosp,2023-11-04,12,quantile,0.5,230
2023-10-14,3,wk inc hosp,2023-11-04,12,quantile,0.55,243.09040740407397
2023-10-14,3,wk inc hosp,2023-11-04,12,quantile,0.6,257.2962759627595
2023-10-14,3,wk inc hosp,2023-11-04,12,quantile,0.65,272.9232282322823
2023-10-14,3,wk inc hosp,2023-11-04,12,quantile,0.7,290.9472454724544
2023-10-14,3,wk inc hosp,2023-11-04,12,quantile,0.75,312.050295502955
2023-10-14,3,wk inc hosp,2023-11-04,12,quantile,0.8,337.95845058450595
2023-10-14,3,wk inc hosp,2023-11-04,12,quantile,0.85,370.1914394143941
2023-10-14,3,wk inc hosp,2023-11-04,12,quantile,0.9,408.587961879619
2023-10-14,3,wk inc hosp,2023-11-04,12,quantile,0.95,469.8816858168581
2023-10-14,3,wk inc hosp,2023-11-04,12,quantile,0.975,544.392082170817
2023-10-14,3,wk inc hosp,2023-11-04,12,quantile,0.99,663.6922032220294
2023-10-14,3,wk inc hosp,2023-11-04,13,quantile,0.01,0
2023-10-14,3,wk inc hosp,2023-11-04,13,quantile,0.025,0
2023-10-14,3,wk inc hosp,2023-11-04,13,quantile,0.05,0
2023-10-14,3,wk inc hosp,2023-11-04,13,quantile,0.1,0
2023-10-14,3,wk inc hosp,2023-11-04,13,quantile,0.15,1.0213942139421477
2023-10-14,3,wk inc hosp,2023-11-04,13,quantile,0.2,8.034816348163492
2023-10-14,3,wk inc hosp,2023-11-04,13,quantile,0.25,13.812618126181274
2023-10-14,3,wk inc hosp,2023-11-04,13,quantile,0.3,18.69451194511946
2023-10-14,3,wk inc hosp,2023-11-04,13,quantile,0.35,22.926799267992692
2023-10-14,3,wk inc hosp,2023-11-04,13,quantile,0.4,27.098524985249888
2023-10-14,3,wk inc hosp,2023-11-04,13,quantile,0.45,31.047921479214803
2023-10-14,3,wk inc hosp,2023-11-04,13,quantile,0.5,35
2023-10-14,3,wk inc hosp,2023-11-04,13,quantile,0.55,38.92679926799269
2023-10-14,3,wk inc hosp,2023-11-04,13,quantile,0.6,43.01517215172152
2023-10-14,3,wk inc hosp,2023-11-04,13,quantile,0.65,47.327796777967805
2023-10-14,3,wk inc hosp,2023-11-04,13,quantile,0.7,51.92679926799269
2023-10-14,3,wk inc hosp,2023-11-04,13,quantile,0.75,56.92679926799269
2023-10-14,3,wk inc hosp,2023-11-04,13,quantile,0.8,62.537807378073815
2023-10-14,3,wk inc hosp,2023-11-04,13,quantile,0.85,69.92679926799269
2023-10-14,3,wk inc hosp,2023-11-04,13,quantile,0.9,80.39714797147974
2023-10-14,3,wk inc hosp,2023-11-04,13,quantile,0.95,98.82759577595762
2023-10-14,3,wk inc hosp,2023-11-04,13,quantile,0.975,117.37757927579277
2023-10-14,3,wk inc hosp,2023-11-04,13,quantile,0.99,136.63672046720447
2023-10-14,3,wk inc hosp,2023-11-04,15,quantile,0.01,0
2023-10-14,3,wk inc hosp,2023-11-04,15,quantile,0.025,0
2023-10-14,3,wk inc hosp,2023-11-04,15,quantile,0.05,0
2023-10-14,3,wk inc hosp,2023-11-04,15,quantile,0.1,1.6211102111021112
2023-10-14,3,wk inc hosp,2023-11-04,15,quantile,0.15,3.56533715337153
2023-10-14,3,wk inc hosp,2023-11-04,15,quantile,0.2,5
2023-10-14,3,wk inc hosp,2023-11-04,15,quantile,0.25,6
2023-10-14,3,wk inc hosp,2023-11-04,15,quantile,0.3,7
2023-10-14,3,wk inc hosp,2023-11-04,15,quantile,0.35,8
2023-10-14,3,wk inc hosp,2023-11-04,15,quantile,0.4,8.908237082370828
2023-10-14,3,wk inc hosp,2023-11-04,15,quantile,0.45,9
2023-10-14,3,wk inc hosp,2023-11-04,15,quantile,0.5,10
2023-10-14,3,wk inc hosp,2023-11-04,15,quantile,0.55,11
2023-10-14,3,wk inc hosp,2023-11-04,15,quantile,0.6,11.231294312943126
2023-10-14,3,wk inc hosp,2023-11-04,15,quantile,0.65,12
2023-10-14,3,wk inc hosp,2023-11-04,15,quantile,0.7,13
2023-10-14,3,wk inc hosp,2023-11-04,15,quantile,0.75,14
2023-10-14,3,wk inc hosp,2023-11-04,15,quantile,0.8,15
2023-10-14,3,wk inc hosp,2023-11-04,15,quantile,0.85,16.64387393873939
2023-10-14,3,wk inc hosp,2023-11-04,15,quantile,0.9,18.807121071210712
2023-10-14,3,wk inc hosp,2023-11-04,15,quantile,0.95,22.608027580275895
2023-10-14,3,wk inc hosp,2023-11-04,15,quantile,0.975,26.671075460754558
2023-10-14,3,wk inc hosp,2023-11-04,15,quantile,0.99,31.401944019440236
2023-10-14,3,wk inc hosp,2023-11-04,16,quantile,0.01,0
2023-10-14,3,wk inc hosp,2023-11-04,16,quantile,0.025,0
2023-10-14,3,wk inc hosp,2023-11-04,16,quantile,0.05,0
2023-10-14,3,wk inc hosp,2023-11-04,16,quantile,0.1,0
2023-10-14,3,wk inc hosp,2023-11-04,16,quantile,0.15,0
2023-10-14,3,wk inc hosp,2023-11-04,16,quantile,0.2,0
2023-10-14,3,wk inc hosp,2023-11-04,16,quantile,0.25,0
2023-10-14,3,wk inc hosp,2023-11-04,16,quantile,0.3,0
2023-10-14,3,wk inc hosp,2023-11-04,16,quantile,0.35,0.5860308603086111
2023-10-14,3,wk inc hosp,2023-11-04,16,quantile,0.4,1.586030860308611
2023-10-14,3,wk inc hosp,2023-11-04,16,quantile,0.45,2.586030860308611
2023-10-14,3,wk inc hosp,2023-11-04,16,quantile,0.5,4
2023-10-14,3,wk inc hosp,2023-11-04,16,quantile,0.55,5.586030860308611
2023-10-14,3,wk inc hosp,2023-11-04,16,quantile,0.6,6.586030860308611
2023-10-14,3,wk inc hosp,2023-11-04,16,quantile,0.65,8.009643596435989
2023-10-14,3,wk inc hosp,2023-11-04,16,quantile,0.7,9.697278972789732
2023-10-14,3,wk inc hosp,2023-11-04,16,quantile,0.75,12.511165111651131
2023-10-14,3,wk inc hosp,2023-11-04,16,quantile,0.8,16.146078460784608
2023-10-14,3,wk inc hosp,2023-11-04,16,quantile,0.85,23.19991249912493
2023-10-14,3,wk inc hosp,2023-11-04,16,quantile,0.9,54.06153961539605
2023-10-14,3,wk inc hosp,2023-11-04,16,quantile,0.95,86.23379083790844
2023-10-14,3,wk inc hosp,2023-11-04,16,quantile,0.975,101.35226802268015
2023-10-14,3,wk inc hosp,2023-11-04,16,quantile,0.99,114.48908449084486
2023-10-14,3,wk inc hosp,2023-11-04,17,quantile,0.01,0
2023-10-14,3,wk inc hosp,2023-11-04,17,quantile,0.025,0
2023-10-14,3,wk inc hosp,2023-11-04,17,quantile,0.05,0
2023-10-14,3,wk inc hosp,2023-11-04,17,quantile,0.1,0
2023-10-14,3,wk inc hosp,2023-11-04,17,quantile,0.15,0
2023-10-14,3,wk inc hosp,2023-11-04,17,quantile,0.2,0
2023-10-14,3,wk inc hosp,2023-11-04,17,quantile,0.25,0
2023-10-14,3,wk inc hosp,2023-11-04,17,quantile,0.3,0.47996779967798453
2023-10-14,3,wk inc hosp,2023-11-04,17,quantile,0.35,6.487844378443638
2023-10-14,3,wk inc hosp,2023-11-04,17,quantile,0.4,11.715081150811502
2023-10-14,3,wk inc hosp,2023-11-04,17,quantile,0.45,16.497839978399796
2023-10-14,3,wk inc hosp,2023-11-04,17,quantile,0.5,21
2023-10-14,3,wk inc hosp,2023-11-04,17,quantile,0.55,25.99484994849948
2023-10-14,3,wk inc hosp,2023-11-04,17,quantile,0.6,31.02948029480293
2023-10-14,3,wk inc hosp,2023-11-04,17,quantile,0.65,37.46199161991619
2023-10-14,3,wk inc hosp,2023-11-04,17,quantile,0.7,45.29357493574932
2023-10-14,3,wk inc hosp,2023-11-04,17,quantile,0.75,57.21876468764686
2023-10-14,3,wk inc hosp,2023-11-04,17,quantile,0.8,78.18325183251832
2023-10-14,3,wk inc hosp,2023-11-04,17,quantile,0.85,123.299626496265
2023-10-14,3,wk inc hosp,2023-11-04,17,quantile,0.9,171.91886118861197
2023-10-14,3,wk inc hosp,2023-11-04,17,quantile,0.95,272.0296787967883
2023-10-14,3,wk inc hosp,2023-11-04,17,quantile,0.975,327.34477869778664
2023-10-14,3,wk inc hosp,2023-11-04,17,quantile,0.99,426.70648426484456
2023-10-14,3,wk inc hosp,2023-11-04,18,quantile,0.01,0
2023-10-14,3,wk inc hosp,2023-11-04,18,quantile,0.025,0
2023-10-14,3,wk inc hosp,2023-11-04,18,quantile,0.05,0
2023-10-14,3,wk inc hosp,2023-11-04,18,quantile,0.1,0
2023-10-14,3,wk inc hosp,2023-11-04,18,quantile,0.15,0
2023-10-14,3,wk inc hosp,2023-11-04,18,quantile,0.2,0
2023-10-14,3,wk inc hosp,2023-11-04,18,quantile,0.25,0
2023-10-14,3,wk inc hosp,2023-11-04,18,quantile,0.3,0
2023-10-14,3,wk inc hosp,2023-11-04,18,quantile,0.35,0
2023-10-14,3,wk inc hosp,2023-11-04,18,quantile,0.4,0
2023-10-14,3,wk inc hosp,2023-11-04,18,quantile,0.45,3.919406194061939
2023-10-14,3,wk inc hosp,2023-11-04,18,quantile,0.5,8
2023-10-14,3,wk inc hosp,2023-11-04,18,quantile,0.55,12.242307423074223
2023-10-14,3,wk inc hosp,2023-11-04,18,quantile,0.6,16.62841128411281
2023-10-14,3,wk inc hosp,2023-11-04,18,quantile,0.65,22.077105771057692
2023-10-14,3,wk inc hosp,2023-11-04,18,quantile,0.7,28.242307423074223
2023-10-14,3,wk inc hosp,2023-11-04,18,quantile,0.75,36.94212192121918
2023-10-14,3,wk inc hosp,2023-11-04,18,quantile,0.8,49.236613366133696
2023-10-14,3,wk inc hosp,2023-11-04,18,quantile,0.85,67.24230742307422
2023-10-14,3,wk inc hosp,2023-11-04,18,quantile,0.9,109.99467694676822
2023-10-14,3,wk inc hosp,2023-11-04,18,quantile,0.95,203.1582875828756
2023-10-14,3,wk inc hosp,2023-11-04,18,quantile,0.975,246.6038845388453
2023-10-14,3,wk inc hosp,2023-11-04,18,quantile,0.99,327.36711667116606
2023-10-14,3,wk inc hosp,2023-11-04,19,quantile,0.01,0
2023-10-14,3,wk inc hosp,2023-11-04,19,quantile,0.025,0
2023-10-14,3,wk inc hosp,2023-11-04,19,quantile,0.05,0
2023-10-14,3,wk inc hosp,2023-11-04,19,quantile,0.1,0
2023-10-14,3,wk inc hosp,2023-11-04,19,quantile,0.15,0
2023-10-14,3,wk inc hosp,2023-11-04,19,quantile,0.2,0
2023-10-14,3,wk inc hosp,2023-11-04,19,quantile,0.25,0
2023-10-14,3,wk inc hosp,2023-11-04,19,quantile,0.3,0
2023-10-14,3,wk inc hosp,2023-11-04,19,quantile,0.35,0
2023-10-14,3,wk inc hosp,2023-11-04,19,quantile,0.4,0
2023-10-14,3,wk inc hosp,2023-11-04,19,quantile,0.45,1.3743097430974385
2023-10-14,3,wk inc hosp,2023-11-04,19,quantile,0.5,3
2023-10-14,3,wk inc hosp,2023-11-04,19,quantile,0.55,4
2023-10-14,3,wk inc hosp,2023-11-04,19,quantile,0.6,6
2023-10-14,3,wk inc hosp,2023-11-04,19,quantile,0.65,7.470369203692034
2023-10-14,3,wk inc hosp,2023-11-04,19,quantile,0.7,9.438598385983866
2023-10-14,3,wk inc hosp,2023-11-04,19,quantile,0.75,12
2023-10-14,3,wk inc hosp,2023-11-04,19,quantile,0.8,16.215776157761617
2023-10-14,3,wk inc hosp,2023-11-04,19,quantile,0.85,25.49796197961977
2023-10-14,3,wk inc hosp,2023-11-04,19,quantile,0.9,50.64497344973448
2023-10-14,3,wk inc hosp,2023-11-04,19,quantile,0.95,100.11328913289127
2023-10-14,3,wk inc hosp,2023-11-04,19,quantile,0.975,111.82784277842772
2023-10-14,3,wk inc hosp,2023-11-04,19,quantile,0.99,124.87188921889206
2023-10-14,3,wk inc hosp,2023-11-04,20,quantile,0.01,0
2023-10-14,3,wk inc hosp,2023-11-04,20,quantile,0.025,0
2023-10-14,3,wk inc hosp,2023-11-04,20,quantile,0.05,0
2023-10-14,3,wk inc hosp,2023-11-04,20,quantile,0.1,0
2023-10-14,3,wk inc hosp,2023-11-04,20,quantile,0.15,0
2023-10-14,3,wk inc hosp,2023-11-04,20,quantile,0.2,0
2023-10-14,3,wk inc hosp,2023-11-04,20,quantile,0.25,2.8420359203592023
2023-10-14,3,wk inc hosp,2023-11-04,20,quantile,0.3,5.897987979879797
2023-10-14,3,wk inc hosp,2023-11-04,20,quantile,0.35,8.397490974909745
2023-10-14,3,wk inc hosp,2023-11-04,20,quantile,0.4,11
2023-10-14,3,wk inc hosp,2023-11-04,20,quantile,0.45,13
2023-10-14,3,wk inc hosp,2023-11-04,20,quantile,0.5,15
2023-10-14,3,wk inc hosp,2023-11-04,20,quantile,0.55,17.194096940969423
2023-10-14,3,wk inc hosp,2023-11-04,20,quantile,0.6,19.721739217392173
2023-10-14,3,wk inc hosp,2023-11-04,20,quantile,0.65,22
2023-10-14,3,wk inc hosp,2023-11-04,20,quantile,0.7,25
2023-10-14,3,wk inc hosp,2023-11-04,20,quantile,0.75,28.261307613076124
2023-10-14,3,wk inc hosp,2023-11-04,20,quantile,0.8,32.54616746167468
2023-10-14,3,wk inc hosp,2023-11-04,20,quantile,0.85,38.85445554455543
2023-10-14,3,wk inc hosp,2023-11-04,20,quantile,0.9,52.66999069990701
2023-10-14,3,wk inc hosp,2023-11-04,20,quantile,0.95,81.8187596875969
2023-10-14,3,wk inc hosp,2023-11-04,20,quantile,0.975,107.63725412254117
2023-10-14,3,wk inc hosp,2023-11-04,20,quantile,0.99,141.66176251762488
2023-10-14,3,wk inc hosp,2023-11-04,21,quantile,0.01,0
2023-10-14,3,wk inc hosp,2023-11-04,21,quantile,0.025,0
2023-10-14,3,wk inc hosp,2023-11-04,21,quantile,0.05,0
2023-10-14,3,wk inc hosp,2023-11-04,21,quantile,0.1,0
2023-10-14,3,wk inc hosp,2023-11-04,21,quantile,0.15,0
2023-10-14,3,wk inc hosp,2023-11-04,21,quantile,0.2,0
2023-10-14,3,wk inc hosp,2023-11-04,21,quantile,0.25,0
2023-10-14,3,wk inc hosp,2023-11-04,21,quantile,0.3,0
2023-10-14,3,wk inc hosp,2023-11-04,21,quantile,0.35,1.6668796687966618
2023-10-14,3,wk inc hosp,2023-11-04,21,quantile,0.4,5.129387293872938
2023-10-14,3,wk inc hosp,2023-11-04,21,quantile,0.45,9
2023-10-14,3,wk inc hosp,2023-11-04,21,quantile,0.5,12
2023-10-14,3,wk inc hosp,2023-11-04,21,quantile,0.55,16
2023-10-14,3,wk inc hosp,2023-11-04,21,quantile,0.6,19.759791597915978
2023-10-14,3,wk inc hosp,2023-11-04,21,quantile,0.65,24
2023-10-14,3,wk inc hosp,2023-11-04,21,quantile,0.7,29.8837338373384
2023-10-14,3,wk inc hosp,2023-11-04,21,quantile,0.75,38.14090640906396
2023-10-14,3,wk inc hosp,2023-11-04,21,quantile,0.8,53.15293352933528
2023-10-14,3,wk inc hosp,2023-11-04,21,quantile,0.85,77.0534520345204
2023-10-14,3,wk inc hosp,2023-11-04,21,quantile,0.9,121.94442344423443
2023-10-14,3,wk inc hosp,2023-11-04,21,quantile,0.95,207.66039110391097
2023-10-14,3,wk inc hosp,2023-11-04,21,quantile,0.975,279.50077900778973
2023-10-14,3,wk inc hosp,2023-11-04,21,quantile,0.99,327.57499274992733
2023-10-14,3,wk inc hosp,2023-11-04,22,quantile,0.01,0
2023-10-14,3,wk inc hosp,2023-11-04,22,quantile,0.025,0
2023-10-14,3,wk inc hosp,2023-11-04,22,quantile,0.05,0
2023-10-14,3,wk inc hosp,2023-11-04,22,quantile,0.1,0
2023-10-14,3,wk inc hosp,2023-11-04,22,quantile,0.15,0
2023-10-14,3,wk inc hosp,2023-11-04,22,quantile,0.2,0
2023-10-14,3,wk inc hosp,2023-11-04,22,quantile,0.25,2.667306673066726
2023-10-14,3,wk inc hosp,2023-11-04,22,quantile,0.3,6.5575135751357285
2023-10-14,3,wk inc hosp,2023-11-04,22,quantile,0.35,9.748337483374826
2023-10-14,3,wk inc hosp,2023-11-04,22,quantile,0.4,13.08483284832848
2023-10-14,3,wk inc hosp,2023-11-04,22,quantile,0.45,16.139227892278925
2023-10-14,3,wk inc hosp,2023-11-04,22,quantile,0.5,19
2023-10-14,3,wk inc hosp,2023-11-04,22,quantile,0.55,22.15444604446045
2023-10-14,3,wk inc hosp,2023-11-04,22,quantile,0.6,25.329987299872982
2023-10-14,3,wk inc hosp,2023-11-04,22,quantile,0.65,28.748337483374826
2023-10-14,3,wk inc hosp,2023-11-04,22,quantile,0.7,32.467112671126685
2023-10-14,3,wk inc hosp,2023-11-04,22,quantile,0.75,36.748337483374826
2023-10-14,3,wk inc hosp,2023-11-04,22,quantile,0.8,42.08523085230859
2023-10-14,3,wk inc hosp,2023-11-04,22,quantile,0.85,49.7640706407064
2023-10-14,3,wk inc hosp,2023-11-04,22,quantile,0.9,63.17494774947758
2023-10-14,3,wk inc hosp,2023-11-04,22,quantile,0.95,94.42972779727793
2023-10-14,3,wk inc hosp,2023-11-04,22,quantile,0.975,116.03737037370308
2023-10-14,3,wk inc hosp,2023-11-04,22,quantile,0.99,140.73978989789933
2023-10-14,3,wk inc hosp,2023-11-04,23,quantile,0.01,0
2023-10-14,3,wk inc hosp,2023-11-04,23,quantile,0.025,0
2023-10-14,3,wk inc hosp,2023-11-04,23,quantile,0.05,0
2023-10-14,3,wk inc hosp,2023-11-04,23,quantile,0.1,0
2023-10-14,3,wk inc hosp,2023-11-04,23,quantile,0.15,0
2023-10-14,3,wk inc hosp,2023-11-04,23,quantile,0.2,0
2023-10-14,3,wk inc hosp,2023-11-04,23,quantile,0.25,0
2023-10-14,3,wk inc hosp,2023-11-04,23,quantile,0.3,0
2023-10-14,3,wk inc hosp,2023-11-04,23,quantile,0.35,2
2023-10-14,3,wk inc hosp,2023-11-04,23,quantile,0.4,3
2023-10-14,3,wk inc hosp,2023-11-04,23,quantile,0.45,4
2023-10-14,3,wk inc hosp,2023-11-04,23,quantile,0.5,5
2023-10-14,3,wk inc hosp,2023-11-04,23,quantile,0.55,6.663295132951349
2023-10-14,3,wk inc hosp,2023-11-04,23,quantile,0.6,8
2023-10-14,3,wk inc hosp,2023-11-04,23,quantile,0.65,9
2023-10-14,3,wk inc hosp,2023-11-04,23,quantile,0.7,11
2023-10-14,3,wk inc hosp,2023-11-04,23,quantile,0.75,14
2023-10-14,3,wk inc hosp,2023-11-04,23,quantile,0.8,19.96713167131672
2023-10-14,3,wk inc hosp,2023-11-04,23,quantile,0.85,26.452802028020248
2023-10-14,3,wk inc hosp,2023-11-04,23,quantile,0.9,34.99140791407916
2023-10-14,3,wk inc hosp,2023-11-04,23,quantile,0.95,66.027225272252707
2023-10-14,3,wk inc hosp,2023-11-04,23,quantile,0.975,73.7511222612224
2023-10-14,3,wk inc hosp,2023-11-04,23,quantile,0.99,84.37372293722933
2023-10-14,3,wk inc hosp,2023-11-04,24,quantile,0.01,0
2023-10-14,3,wk inc hosp,2023-11-04,24,quantile,0.025,0
2023-10-14,3,wk inc hosp,2023-11-04,24,quantile,0.05,0
2023-10-14,3,wk inc hosp,2023-11-04,24,quantile,0.1,0
2023-10-14,3,wk inc hosp,2023-11-04,24,quantile,0.15,0
2023-10-14,3,wk inc hosp,2023-11-04,24,quantile,0.2,0
2023-10-14,3,wk inc hosp,2023-11-04,24,quantile,0.25,0
2023-10-14,3,wk inc hosp,2023-11-04,24,quantile,0.3,0
2023-10-14,3,wk inc hosp,2023-11-04,24,quantile,0.35,0
2023-10-14,3,wk inc hosp,2023-11-04,24,quantile,0.4,0
2023-10-14,3,wk inc hosp,2023-11-04,24,quantile,0.45,0.19791697916980056
2023-10-14,3,wk inc hosp,2023-11-04,24,quantile,0.5,3
2023-10-14,3,wk inc hosp,2023-11-04,24,quantile,0.55,5.507917079170797
2023-10-14,3,wk inc hosp,2023-11-04,24,quantile,0.6,8.577924779247779
2023-10-14,3,wk inc hosp,2023-11-04,24,quantile,0.65,12.14584645846461
2023-10-14,3,wk inc hosp,2023-11-04,24,quantile,0.7,16.1979169791698
2023-10-14,3,wk inc hosp,2023-11-04,24,quantile,0.75,21.1979169791698
2023-10-14,3,wk inc hosp,2023-11-04,24,quantile,0.8,29.095909959099675
2023-10-14,3,wk inc hosp,2023-11-04,24,quantile,0.85,43.65394203942039
2023-10-14,3,wk inc hosp,2023-11-04,24,quantile,0.9,61.749341493414946
2023-10-14,3,wk inc hosp,2023-11-04,24,quantile,0.95,83.44451744517437
2023-10-14,3,wk inc hosp,2023-11-04,24,quantile,0.975,102.01268287682873
2023-10-14,3,wk inc hosp,2023-11-04,24,quantile,0.99,122.01445494454939
2023-10-14,3,wk inc hosp,2023-11-04,25,quantile,0.01,0
2023-10-14,3,wk inc hosp,2023-11-04,25,quantile,0.025,0
2023-10-14,3,wk inc hosp,2023-11-04,25,quantile,0.05,0
2023-10-14,3,wk inc hosp,2023-11-04,25,quantile,0.1,0
2023-10-14,3,wk inc hosp,2023-11-04,25,quantile,0.15,0
2023-10-14,3,wk inc hosp,2023-11-04,25,quantile,0.2,0
2023-10-14,3,wk inc hosp,2023-11-04,25,quantile,0.25,0
2023-10-14,3,wk inc hosp,2023-11-04,25,quantile,0.3,0
2023-10-14,3,wk inc hosp,2023-11-04,25,quantile,0.35,2.815618656186534
2023-10-14,3,wk inc hosp,2023-11-04,25,quantile,0.4,6.942588425884238
2023-10-14,3,wk inc hosp,2023-11-04,25,quantile,0.45,10.584258842588408
2023-10-14,3,wk inc hosp,2023-11-04,25,quantile,0.5,14
2023-10-14,3,wk inc hosp,2023-11-04,25,quantile,0.55,17.942824428244258
2023-10-14,3,wk inc hosp,2023-11-04,25,quantile,0.6,22.166516665166604
2023-10-14,3,wk inc hosp,2023-11-04,25,quantile,0.65,27.192616926169244
2023-10-14,3,wk inc hosp,2023-11-04,25,quantile,0.7,33.94282442824426
2023-10-14,3,wk inc hosp,2023-11-04,25,quantile,0.75,43.61191111911112
2023-10-14,3,wk inc hosp,2023-11-04,25,quantile,0.8,58.57046270462692
2023-10-14,3,wk inc hosp,2023-11-04,25,quantile,0.85,81.81400364003659
2023-10-14,3,wk inc hosp,2023-11-04,25,quantile,0.9,127.22159221592223
2023-10-14,3,wk inc hosp,2023-11-04,25,quantile,0.95,205.53584185841882
2023-10-14,3,wk inc hosp,2023-11-04,25,quantile,0.975,256.19990374903756
2023-10-14,3,wk inc hosp,2023-11-04,25,quantile,0.99,289.0110715107147
2023-10-14,3,wk inc hosp,2023-11-04,26,quantile,0.01,0
2023-10-14,3,wk inc hosp,2023-11-04,26,quantile,0.025,0
2023-10-14,3,wk inc hosp,2023-11-04,26,quantile,0.05,0
2023-10-14,3,wk inc hosp,2023-11-04,26,quantile,0.1,0
2023-10-14,3,wk inc hosp,2023-11-04,26,quantile,0.15,0
2023-10-14,3,wk inc hosp,2023-11-04,26,quantile,0.2,0
2023-10-14,3,wk inc hosp,2023-11-04,26,quantile,0.25,0
2023-10-14,3,wk inc hosp,2023-11-04,26,quantile,0.3,0
2023-10-14,3,wk inc hosp,2023-11-04,26,quantile,0.35,2.419669196691906
2023-10-14,3,wk inc hosp,2023-11-04,26,quantile,0.4,7.340064400643987
2023-10-14,3,wk inc hosp,2023-11-04,26,quantile,0.45,12.239547395473899
2023-10-14,3,wk inc hosp,2023-11-04,26,quantile,0.5,17
2023-10-14,3,wk inc hosp,2023-11-04,26,quantile,0.55,21.641714417144122
2023-10-14,3,wk inc hosp,2023-11-04,26,quantile,0.6,27.200193001929975
2023-10-14,3,wk inc hosp,2023-11-04,26,quantile,0.65,33.33410184101837
2023-10-14,3,wk inc hosp,2023-11-04,26,quantile,0.7,41.2395473954739
2023-10-14,3,wk inc hosp,2023-11-04,26,quantile,0.75,51.2395473954739
2023-10-14,3,wk inc hosp,2023-11-04,26,quantile,0.8,66.51475614756149
2023-10-14,3,wk inc hosp,2023-11-04,26,quantile,0.85,105.27974779747741
2023-10-14,3,wk inc hosp,2023-11-04,26,quantile,0.9,167.42885728857277
2023-10-14,3,wk inc hosp,2023-11-04,26,quantile,0.95,278.50912909128823
2023-10-14,3,wk inc hosp,2023-11-04,26,quantile,0.975,389.80364153641597
2023-10-14,3,wk inc hosp,2023-11-04,26,quantile,0.99,441.40988819888133
2023-10-14,3,wk inc hosp,2023-11-04,27,quantile,0.01,0
2023-10-14,3,wk inc hosp,2023-11-04,27,quantile,0.025,0
2023-10-14,3,wk inc hosp,2023-11-04,27,quantile,0.05,0
2023-10-14,3,wk inc hosp,2023-11-04,27,quantile,0.1,0
2023-10-14,3,wk inc hosp,2023-11-04,27,quantile,0.15,0
2023-10-14,3,wk inc hosp,2023-11-04,27,quantile,0.2,0
2023-10-14,3,wk inc hosp,2023-11-04,27,quantile,0.25,0
2023-10-14,3,wk inc hosp,2023-11-04,27,quantile,0.3,0
2023-10-14,3,wk inc hosp,2023-11-04,27,quantile,0.35,0
2023-10-14,3,wk inc hosp,2023-11-04,27,quantile,0.4,0
2023-10-14,3,wk inc hosp,2023-11-04,27,quantile,0.45,0.9147336473364722
2023-10-14,3,wk inc hosp,2023-11-04,27,quantile,0.5,3
2023-10-14,3,wk inc hosp,2023-11-04,27,quantile,0.55,5.919994199942003
2023-10-14,3,wk inc hosp,2023-11-04,27,quantile,0.6,8.610878108781092
2023-10-14,3,wk inc hosp,2023-11-04,27,quantile,0.65,12
2023-10-14,3,wk inc hosp,2023-11-04,27,quantile,0.7,16.217313173131764
2023-10-14,3,wk inc hosp,2023-11-04,27,quantile,0.75,22.80510305103057
2023-10-14,3,wk inc hosp,2023-11-04,27,quantile,0.8,32.922017220172194
2023-10-14,3,wk inc hosp,2023-11-04,27,quantile,0.85,49.59667346673469
2023-10-14,3,wk inc hosp,2023-11-04,27,quantile,0.9,78.78342783427814
2023-10-14,3,wk inc hosp,2023-11-04,27,quantile,0.95,100.48325183251784
2023-10-14,3,wk inc hosp,2023-11-04,27,quantile,0.975,118.5548892988932
2023-10-14,3,wk inc hosp,2023-11-04,27,quantile,0.99,146.34127031270344
2023-10-14,3,wk inc hosp,2023-11-04,28,quantile,0.01,0
2023-10-14,3,wk inc hosp,2023-11-04,28,quantile,0.025,0
2023-10-14,3,wk inc hosp,2023-11-04,28,quantile,0.05,0
2023-10-14,3,wk inc hosp,2023-11-04,28,quantile,0.1,0
2023-10-14,3,wk inc hosp,2023-11-04,28,quantile,0.15,0
2023-10-14,3,wk inc hosp,2023-11-04,28,quantile,0.2,5.903497034970353
2023-10-14,3,wk inc hosp,2023-11-04,28,quantile,0.25,10.986979869798693
2023-10-14,3,wk inc hosp,2023-11-04,28,quantile,0.3,15
2023-10-14,3,wk inc hosp,2023-11-04,28,quantile,0.35,19
2023-10-14,3,wk inc hosp,2023-11-04,28,quantile,0.4,22.567663676636776
2023-10-14,3,wk inc hosp,2023-11-04,28,quantile,0.45,26
2023-10-14,3,wk inc hosp,2023-11-04,28,quantile,0.5,29
2023-10-14,3,wk inc hosp,2023-11-04,28,quantile,0.55,32.448197981979824
2023-10-14,3,wk inc hosp,2023-11-04,28,quantile,0.6,36
2023-10-14,3,wk inc hosp,2023-11-04,28,quantile,0.65,39.38994739947401
2023-10-14,3,wk inc hosp,2023-11-04,28,quantile,0.7,43.35648656486565
2023-10-14,3,wk inc hosp,2023-11-04,28,quantile,0.75,47.80247052470522
2023-10-14,3,wk inc hosp,2023-11-04,28,quantile,0.8,53.03924439244393
2023-10-14,3,wk inc hosp,2023-11-04,28,quantile,0.85,60
2023-10-14,3,wk inc hosp,2023-11-04,28,quantile,0.9,70.19419894198946
2023-10-14,3,wk inc hosp,2023-11-04,28,quantile,0.95,91.44590795907953
2023-10-14,3,wk inc hosp,2023-11-04,28,quantile,0.975,114.57068495684952
2023-10-14,3,wk inc hosp,2023-11-04,28,quantile,0.99,138.01538445384426
2023-10-14,3,wk inc hosp,2023-11-04,29,quantile,0.01,0
2023-10-14,3,wk inc hosp,2023-11-04,29,quantile,0.025,0
2023-10-14,3,wk inc hosp,2023-11-04,29,quantile,0.05,0
2023-10-14,3,wk inc hosp,2023-11-04,29,quantile,0.1,0
2023-10-14,3,wk inc hosp,2023-11-04,29,quantile,0.15,0
2023-10-14,3,wk inc hosp,2023-11-04,29,quantile,0.2,0
2023-10-14,3,wk inc hosp,2023-11-04,29,quantile,0.25,0
2023-10-14,3,wk inc hosp,2023-11-04,29,quantile,0.3,5.9336663366633315
2023-10-14,3,wk inc hosp,2023-11-04,29,quantile,0.35,11.060928109281052
2023-10-14,3,wk inc hosp,2023-11-04,29,quantile,0.4,15.438118381183813
2023-10-14,3,wk inc hosp,2023-11-04,29,quantile,0.45,19.727563275632757
2023-10-14,3,wk inc hosp,2023-11-04,29,quantile,0.5,24
2023-10-14,3,wk inc hosp,2023-11-04,29,quantile,0.55,28.34443844438446
2023-10-14,3,wk inc hosp,2023-11-04,29,quantile,0.6,32.503187031870624
2023-10-14,3,wk inc hosp,2023-11-04,29,quantile,0.65,37.52747627476277
2023-10-14,3,wk inc hosp,2023-11-04,29,quantile,0.7,43.50280202802025
2023-10-14,3,wk inc hosp,2023-11-04,29,quantile,0.75,51.50101251012522
2023-10-14,3,wk inc hosp,2023-11-04,29,quantile,0.8,63.711945119451286
2023-10-14,3,wk inc hosp,2023-11-04,29,quantile,0.85,87.6526695266953
2023-10-14,3,wk inc hosp,2023-11-04,29,quantile,0.9,132.17574275742737
2023-10-14,3,wk inc hosp,2023-11-04,29,quantile,0.95,249.77859628596283
2023-10-14,3,wk inc hosp,2023-11-04,29,quantile,0.975,320.83909114091114
2023-10-14,3,wk inc hosp,2023-11-04,29,quantile,0.99,371.4169457694579
2023-10-14,3,wk inc hosp,2023-11-04,30,quantile,0.01,0
2023-10-14,3,wk inc hosp,2023-11-04,30,quantile,0.025,0
2023-10-14,3,wk inc hosp,2023-11-04,30,quantile,0.05,0
2023-10-14,3,wk inc hosp,2023-11-04,30,quantile,0.1,0
2023-10-14,3,wk inc hosp,2023-11-04,30,quantile,0.15,0
2023-10-14,3,wk inc hosp,2023-11-04,30,quantile,0.2,0
2023-10-14,3,wk inc hosp,2023-11-04,30,quantile,0.25,0
2023-10-14,3,wk inc hosp,2023-11-04,30,quantile,0.3,0
2023-10-14,3,wk inc hosp,2023-11-04,30,quantile,0.35,0
2023-10-14,3,wk inc hosp,2023-11-04,30,quantile,0.4,0
2023-10-14,3,wk inc hosp,2023-11-04,30,quantile,0.45,0
2023-10-14,3,wk inc hosp,2023-11-04,30,quantile,0.5,1.8500185001180114e-4
2023-10-14,3,wk inc hosp,2023-11-04,30,quantile,0.55,1.461621616216169
2023-10-14,3,wk inc hosp,2023-11-04,30,quantile,0.6,2.6420764207642016
2023-10-14,3,wk inc hosp,2023-11-04,30,quantile,0.65,3.686384863848659
2023-10-14,3,wk inc hosp,2023-11-04,30,quantile,0.7,5.642076420764202
2023-10-14,3,wk inc hosp,2023-11-04,30,quantile,0.75,8.642076420764202
2023-10-14,3,wk inc hosp,2023-11-04,30,quantile,0.8,12.429792297922983
2023-10-14,3,wk inc hosp,2023-11-04,30,quantile,0.85,17.892430424304244
2023-10-14,3,wk inc hosp,2023-11-04,30,quantile,0.9,24.6420764207642
2023-10-14,3,wk inc hosp,2023-11-04,30,quantile,0.95,32.93498184981843
2023-10-14,3,wk inc hosp,2023-11-04,30,quantile,0.975,38.9434566845667
2023-10-14,3,wk inc hosp,2023-11-04,30,quantile,0.99,49.24468854688539
2023-10-14,3,wk inc hosp,2023-11-04,31,quantile,0.01,0
2023-10-14,3,wk inc hosp,2023-11-04,31,quantile,0.025,0
2023-10-14,3,wk inc hosp,2023-11-04,31,quantile,0.05,0
2023-10-14,3,wk inc hosp,2023-11-04,31,quantile,0.1,0
2023-10-14,3,wk inc hosp,2023-11-04,31,quantile,0.15,0
2023-10-14,3,wk inc hosp,2023-11-04,31,quantile,0.2,0
2023-10-14,3,wk inc hosp,2023-11-04,31,quantile,0.25,0
2023-10-14,3,wk inc hosp,2023-11-04,31,quantile,0.3,0
2023-10-14,3,wk inc hosp,2023-11-04,31,quantile,0.35,0
2023-10-14,3,wk inc hosp,2023-11-04,31,quantile,0.4,1
2023-10-14,3,wk inc hosp,2023-11-04,31,quantile,0.45,3
2023-10-14,3,wk inc hosp,2023-11-04,31,quantile,0.5,5
2023-10-14,3,wk inc hosp,2023-11-04,31,quantile,0.55,7
2023-10-14,3,wk inc hosp,2023-11-04,31,quantile,0.6,9.225722257222564
2023-10-14,3,wk inc hosp,2023-11-04,31,quantile,0.65,11.849119991199903
2023-10-14,3,wk inc hosp,2023-11-04,31,quantile,0.7,14.292396923969235
2023-10-14,3,wk inc hosp,2023-11-04,31,quantile,0.75,17.758040080400797
2023-10-14,3,wk inc hosp,2023-11-04,31,quantile,0.8,21.940041400414025
2023-10-14,3,wk inc hosp,2023-11-04,31,quantile,0.85,27.532340323403233
2023-10-14,3,wk inc hosp,2023-11-04,31,quantile,0.9,35.8724657246572
2023-10-14,3,wk inc hosp,2023-11-04,31,quantile,0.95,46.793109931099295
2023-10-14,3,wk inc hosp,2023-11-04,31,quantile,0.975,54.954118291182844
2023-10-14,3,wk inc hosp,2023-11-04,31,quantile,0.99,66.02559175591749
2023-10-14,3,wk inc hosp,2023-11-04,32,quantile,0.01,0
2023-10-14,3,wk inc hosp,2023-11-04,32,quantile,0.025,0
2023-10-14,3,wk inc hosp,2023-11-04,32,quantile,0.05,0
2023-10-14,3,wk inc hosp,2023-11-04,32,quantile,0.1,0
2023-10-14,3,wk inc hosp,2023-11-04,32,quantile,0.15,0
2023-10-14,3,wk inc hosp,2023-11-04,32,quantile,0.2,0
2023-10-14,3,wk inc hosp,2023-11-04,32,quantile,0.25,0
2023-10-14,3,wk inc hosp,2023-11-04,32,quantile,0.3,0
2023-10-14,3,wk inc hosp,2023-11-04,32,quantile,0.35,0
2023-10-14,3,wk inc hosp,2023-11-04,32,quantile,0.4,0
2023-10-14,3,wk inc hosp,2023-11-04,32,quantile,0.45,2.115591155911556
2023-10-14,3,wk inc hosp,2023-11-04,32,quantile,0.5,5
2023-10-14,3,wk inc hosp,2023-11-04,32,quantile,0.55,7.537042870428709
2023-10-14,3,wk inc hosp,2023-11-04,32,quantile,0.6,11.034820348203455
2023-10-14,3,wk inc hosp,2023-11-04,32,quantile,0.65,14.688078380783807
2023-10-14,3,wk inc hosp,2023-11-04,32,quantile,0.7,19.169828698286956
2023-10-14,3,wk inc hosp,2023-11-04,32,quantile,0.75,25.115591155911556
2023-10-14,3,wk inc hosp,2023-11-04,32,quantile,0.8,32.43334833348342
2023-10-14,3,wk inc hosp,2023-11-04,32,quantile,0.85,44.435722357223646
2023-10-14,3,wk inc hosp,2023-11-04,32,quantile,0.9,62.26845168451696
2023-10-14,3,wk inc hosp,2023-11-04,32,quantile,0.95,94.5771287712876
2023-10-14,3,wk inc hosp,2023-11-04,32,quantile,0.975,124.53686936869326
2023-10-14,3,wk inc hosp,2023-11-04,32,quantile,0.99,157.68258872588746
2023-10-14,3,wk inc hosp,2023-11-04,33,quantile,0.01,0
2023-10-14,3,wk inc hosp,2023-11-04,33,quantile,0.025,0
2023-10-14,3,wk inc hosp,2023-11-04,33,quantile,0.05,0
2023-10-14,3,wk inc hosp,2023-11-04,33,quantile,0.1,0
2023-10-14,3,wk inc hosp,2023-11-04,33,quantile,0.15,0
2023-10-14,3,wk inc hosp,2023-11-04,33,quantile,0.2,0
2023-10-14,3,wk inc hosp,2023-11-04,33,quantile,0.25,0
2023-10-14,3,wk inc hosp,2023-11-04,33,quantile,0.3,0
2023-10-14,3,wk inc hosp,2023-11-04,33,quantile,0.35,0
2023-10-14,3,wk inc hosp,2023-11-04,33,quantile,0.4,0
2023-10-14,3,wk inc hosp,2023-11-04,33,quantile,0.45,1
2023-10-14,3,wk inc hosp,2023-11-04,33,quantile,0.5,2
2023-10-14,3,wk inc hosp,2023-11-04,33,quantile,0.55,3
2023-10-14,3,wk inc hosp,2023-11-04,33,quantile,0.6,4
2023-10-14,3,wk inc hosp,2023-11-04,33,quantile,0.65,5
2023-10-14,3,wk inc hosp,2023-11-04,33,quantile,0.7,6.755157551575513
2023-10-14,3,wk inc hosp,2023-11-04,33,quantile,0.75,8.49189491894921
2023-10-14,3,wk inc hosp,2023-11-04,33,quantile,0.8,11.161491614916144
2023-10-14,3,wk inc hosp,2023-11-04,33,quantile,0.85,16
2023-10-14,3,wk inc hosp,2023-11-04,33,quantile,0.9,24.64515645156453
2023-10-14,3,wk inc hosp,2023-11-04,33,quantile,0.95,34.87992429924301
2023-10-14,3,wk inc hosp,2023-11-04,33,quantile,0.975,42.69208742087419
2023-10-14,3,wk inc hosp,2023-11-04,33,quantile,0.99,55.580351503515146
2023-10-14,3,wk inc hosp,2023-11-04,34,quantile,0.01,0
2023-10-14,3,wk inc hosp,2023-11-04,34,quantile,0.025,0
2023-10-14,3,wk inc hosp,2023-11-04,34,quantile,0.05,0
2023-10-14,3,wk inc hosp,2023-11-04,34,quantile,0.1,0
2023-10-14,3,wk inc hosp,2023-11-04,34,quantile,0.15,0
2023-10-14,3,wk inc hosp,2023-11-04,34,quantile,0.2,0
2023-10-14,3,wk inc hosp,2023-11-04,34,quantile,0.25,0
2023-10-14,3,wk inc hosp,2023-11-04,34,quantile,0.3,0
2023-10-14,3,wk inc hosp,2023-11-04,34,quantile,0.35,2.7119406194061964
2023-10-14,3,wk inc hosp,2023-11-04,34,quantile,0.4,7.598660986609887
2023-10-14,3,wk inc hosp,2023-11-04,34,quantile,0.45,12.25548755487555
2023-10-14,3,wk inc hosp,2023-11-04,34,quantile,0.5,17
2023-10-14,3,wk inc hosp,2023-11-04,34,quantile,0.55,21.556990069900706
2023-10-14,3,wk inc hosp,2023-11-04,34,quantile,0.6,26.51056810568103
2023-10-14,3,wk inc hosp,2023-11-04,34,quantile,0.65,32.25548755487555
2023-10-14,3,wk inc hosp,2023-11-04,34,quantile,0.7,39.25548755487555
2023-10-14,3,wk inc hosp,2023-11-04,34,quantile,0.75,48.566195661956634
2023-10-14,3,wk inc hosp,2023-11-04,34,quantile,0.8,63.836195361953656
2023-10-14,3,wk inc hosp,2023-11-04,34,quantile,0.85,95.1155851558515
2023-10-14,3,wk inc hosp,2023-11-04,34,quantile,0.9,137.72068520685235
2023-10-14,3,wk inc hosp,2023-11-04,34,quantile,0.95,186.49432494324896
2023-10-14,3,wk inc hosp,2023-11-04,34,quantile,0.975,235.61323288232873
2023-10-14,3,wk inc hosp,2023-11-04,34,quantile,0.99,323.3454257542567
2023-10-14,3,wk inc hosp,2023-11-04,35,quantile,0.01,0
2023-10-14,3,wk inc hosp,2023-11-04,35,quantile,0.025,0
2023-10-14,3,wk inc hosp,2023-11-04,35,quantile,0.05,0
2023-10-14,3,wk inc hosp,2023-11-04,35,quantile,0.1,0
2023-10-14,3,wk inc hosp,2023-11-04,35,quantile,0.15,0
2023-10-14,3,wk inc hosp,2023-11-04,35,quantile,0.2,0
2023-10-14,3,wk inc hosp,2023-11-04,35,quantile,0.25,0
2023-10-14,3,wk inc hosp,2023-11-04,35,quantile,0.3,0
2023-10-14,3,wk inc hosp,2023-11-04,35,quantile,0.35,0
2023-10-14,3,wk inc hosp,2023-11-04,35,quantile,0.4,0.501208012080121
2023-10-14,3,wk inc hosp,2023-11-04,35,quantile,0.45,3.403669036690367
2023-10-14,3,wk inc hosp,2023-11-04,35,quantile,0.5,6
2023-10-14,3,wk inc hosp,2023-11-04,35,quantile,0.55,8.475827758277589
2023-10-14,3,wk inc hosp,2023-11-04,35,quantile,0.6,11.403669036690367
2023-10-14,3,wk inc hosp,2023-11-04,35,quantile,0.65,14.911782617826177
2023-10-14,3,wk inc hosp,2023-11-04,35,quantile,0.7,18.78450284502847
2023-10-14,3,wk inc hosp,2023-11-04,35,quantile,0.75,23.682316823168236
2023-10-14,3,wk inc hosp,2023-11-04,35,quantile,0.8,30.403669036690367
2023-10-14,3,wk inc hosp,2023-11-04,35,quantile,0.85,40.97944829448294
2023-10-14,3,wk inc hosp,2023-11-04,35,quantile,0.9,61.34031740317427
2023-10-14,3,wk inc hosp,2023-11-04,35,quantile,0.95,99.27923929239245
2023-10-14,3,wk inc hosp,2023-11-04,35,quantile,0.975,133.60611281112813
2023-10-14,3,wk inc hosp,2023-11-04,35,quantile,0.99,170.13995199951916
2023-10-14,3,wk inc hosp,2023-11-04,36,quantile,0.01,0
2023-10-14,3,wk inc hosp,2023-11-04,36,quantile,0.025,0
2023-10-14,3,wk inc hosp,2023-11-04,36,quantile,0.05,0
2023-10-14,3,wk inc hosp,2023-11-04,36,quantile,0.1,0
2023-10-14,3,wk inc hosp,2023-11-04,36,quantile,0.15,0
2023-10-14,3,wk inc hosp,2023-11-04,36,quantile,0.2,0
2023-10-14,3,wk inc hosp,2023-11-04,36,quantile,0.25,0
2023-10-14,3,wk inc hosp,2023-11-04,36,quantile,0.3,0
2023-10-14,3,wk inc hosp,2023-11-04,36,quantile,0.35,9.996088960889587
2023-10-14,3,wk inc hosp,2023-11-04,36,quantile,0.4,19.728793287932852
2023-10-14,3,wk inc hosp,2023-11-04,36,quantile,0.45,28.632258322583237
2023-10-14,3,wk inc hosp,2023-11-04,36,quantile,0.5,37
2023-10-14,3,wk inc hosp,2023-11-04,36,quantile,0.55,45.7259672596726
2023-10-14,3,wk inc hosp,2023-11-04,36,quantile,0.6,55.411864118641205
2023-10-14,3,wk inc hosp,2023-11-04,36,quantile,0.65,66.42508725087254
2023-10-14,3,wk inc hosp,2023-11-04,36,quantile,0.7,80.23873438734361
2023-10-14,3,wk inc hosp,2023-11-04,36,quantile,0.75,99.31644816448188
2023-10-14,3,wk inc hosp,2023-11-04,36,quantile,0.8,131.70958509585097
2023-10-14,3,wk inc hosp,2023-11-04,36,quantile,0.85,200.60661606616154
2023-10-14,3,wk inc hosp,2023-11-04,36,quantile,0.9,261.51671016710185
2023-10-14,3,wk inc hosp,2023-11-04,36,quantile,0.95,377.39818898188986
2023-10-14,3,wk inc hosp,2023-11-04,36,quantile,0.975,473.3124323743249
2023-10-14,3,wk inc hosp,2023-11-04,36,quantile,0.99,562.6751693516931
2023-10-14,3,wk inc hosp,2023-11-04,37,quantile,0.01,0
2023-10-14,3,wk inc hosp,2023-11-04,37,quantile,0.025,0
2023-10-14,3,wk inc hosp,2023-11-04,37,quantile,0.05,0
2023-10-14,3,wk inc hosp,2023-11-04,37,quantile,0.1,0
2023-10-14,3,wk inc hosp,2023-11-04,37,quantile,0.15,0
2023-10-14,3,wk inc hosp,2023-11-04,37,quantile,0.2,0
2023-10-14,3,wk inc hosp,2023-11-04,37,quantile,0.25,5.226629766297655
2023-10-14,3,wk inc hosp,2023-11-04,37,quantile,0.3,13.326059260592604
2023-10-14,3,wk inc hosp,2023-11-04,37,quantile,0.35,20.099395993959938
2023-10-14,3,wk inc hosp,2023-11-04,37,quantile,0.4,26.099395993959938
2023-10-14,3,wk inc hosp,2023-11-04,37,quantile,0.45,31.44666346663466
2023-10-14,3,wk inc hosp,2023-11-04,37,quantile,0.5,37
2023-10-14,3,wk inc hosp,2023-11-04,37,quantile,0.55,42.21185061850619
2023-10-14,3,wk inc hosp,2023-11-04,37,quantile,0.6,48.09939599395994
2023-10-14,3,wk inc hosp,2023-11-04,37,quantile,0.65,54.42826478264783
2023-10-14,3,wk inc hosp,2023-11-04,37,quantile,0.7,62.09939599395994
2023-10-14,3,wk inc hosp,2023-11-04,37,quantile,0.75,72.09939599395994
2023-10-14,3,wk inc hosp,2023-11-04,37,quantile,0.8,86.11509215092227
2023-10-14,3,wk inc hosp,2023-11-04,37,quantile,0.85,103.85000950009501
2023-10-14,3,wk inc hosp,2023-11-04,37,quantile,0.9,125.10808908089085
2023-10-14,3,wk inc hosp,2023-11-04,37,quantile,0.95,166.73535035350432
2023-10-14,3,wk inc hosp,2023-11-04,37,quantile,0.975,224.01392338923364
2023-10-14,3,wk inc hosp,2023-11-04,37,quantile,0.99,272.50161641616364
2023-10-14,3,wk inc hosp,2023-11-04,38,quantile,0.01,0
2023-10-14,3,wk inc hosp,2023-11-04,38,quantile,0.025,0
2023-10-14,3,wk inc hosp,2023-11-04,38,quantile,0.05,0
2023-10-14,3,wk inc hosp,2023-11-04,38,quantile,0.1,0
2023-10-14,3,wk inc hosp,2023-11-04,38,quantile,0.15,0
2023-10-14,3,wk inc hosp,2023-11-04,38,quantile,0.2,0
2023-10-14,3,wk inc hosp,2023-11-04,38,quantile,0.25,0
2023-10-14,3,wk inc hosp,2023-11-04,38,quantile,0.3,0
2023-10-14,3,wk inc hosp,2023-11-04,38,quantile,0.35,0
2023-10-14,3,wk inc hosp,2023-11-04,38,quantile,0.4,0
2023-10-14,3,wk inc hosp,2023-11-04,38,quantile,0.45,0
2023-10-14,3,wk inc hosp,2023-11-04,38,quantile,0.5,0
2023-10-14,3,wk inc hosp,2023-11-04,38,quantile,0.55,1
2023-10-14,3,wk inc hosp,2023-11-04,38,quantile,0.6,2
2023-10-14,3,wk inc hosp,2023-11-04,38,quantile,0.65,3.6206822068220768
2023-10-14,3,wk inc hosp,2023-11-04,38,quantile,0.7,5
2023-10-14,3,wk inc hosp,2023-11-04,38,quantile,0.75,7
2023-10-14,3,wk inc hosp,2023-11-04,38,quantile,0.8,9
2023-10-14,3,wk inc hosp,2023-11-04,38,quantile,0.85,12.211200112001105
2023-10-14,3,wk inc hosp,2023-11-04,38,quantile,0.9,17.660847608476097
2023-10-14,3,wk inc hosp,2023-11-04,38,quantile,0.95,26.935762857628472
2023-10-14,3,wk inc hosp,2023-11-04,38,quantile,0.975,32.528780787807946
2023-10-14,3,wk inc hosp,2023-11-04,38,quantile,0.99,39.18380733807345
2023-10-14,3,wk inc hosp,2023-11-04,39,quantile,0.01,0
2023-10-14,3,wk inc hosp,2023-11-04,39,quantile,0.025,0
2023-10-14,3,wk inc hosp,2023-11-04,39,quantile,0.05,0
2023-10-14,3,wk inc hosp,2023-11-04,39,quantile,0.1,0
2023-10-14,3,wk inc hosp,2023-11-04,39,quantile,0.15,0
2023-10-14,3,wk inc hosp,2023-11-04,39,quantile,0.2,0
2023-10-14,3,wk inc hosp,2023-11-04,39,quantile,0.25,0
2023-10-14,3,wk inc hosp,2023-11-04,39,quantile,0.3,0
2023-10-14,3,wk inc hosp,2023-11-04,39,quantile,0.35,3.590255902559022
2023-10-14,3,wk inc hosp,2023-11-04,39,quantile,0.4,8.701093010930107
2023-10-14,3,wk inc hosp,2023-11-04,39,quantile,0.45,13.590255902559022
2023-10-14,3,wk inc hosp,2023-11-04,39,quantile,0.5,18
2023-10-14,3,wk inc hosp,2023-11-04,39,quantile,0.55,22.590255902559022
2023-10-14,3,wk inc hosp,2023-11-04,39,quantile,0.6,27.818526185261845
2023-10-14,3,wk inc hosp,2023-11-04,39,quantile,0.65,34.06688866888668
2023-10-14,3,wk inc hosp,2023-11-04,39,quantile,0.7,41.80285302853032
2023-10-14,3,wk inc hosp,2023-11-04,39,quantile,0.75,53.02673026730267
2023-10-14,3,wk inc hosp,2023-11-04,39,quantile,0.8,71.2506905069054
2023-10-14,3,wk inc hosp,2023-11-04,39,quantile,0.85,93.06612416124153
2023-10-14,3,wk inc hosp,2023-11-04,39,quantile,0.9,131.44458744587453
2023-10-14,3,wk inc hosp,2023-11-04,39,quantile,0.95,253.75598355983516
2023-10-14,3,wk inc hosp,2023-11-04,39,quantile,0.975,316.1035062850617
2023-10-14,3,wk inc hosp,2023-11-04,39,quantile,0.99,383.11020850208297
2023-10-14,3,wk inc hosp,2023-11-04,40,quantile,0.01,0
2023-10-14,3,wk inc hosp,2023-11-04,40,quantile,0.025,0
2023-10-14,3,wk inc hosp,2023-11-04,40,quantile,0.05,0
2023-10-14,3,wk inc hosp,2023-11-04,40,quantile,0.1,0
2023-10-14,3,wk inc hosp,2023-11-04,40,quantile,0.15,0
2023-10-14,3,wk inc hosp,2023-11-04,40,quantile,0.2,0
2023-10-14,3,wk inc hosp,2023-11-04,40,quantile,0.25,0
2023-10-14,3,wk inc hosp,2023-11-04,40,quantile,0.3,0
2023-10-14,3,wk inc hosp,2023-11-04,40,quantile,0.35,0.019323693236944113
2023-10-14,3,wk inc hosp,2023-11-04,40,quantile,0.4,5.3882698826988324
2023-10-14,3,wk inc hosp,2023-11-04,40,quantile,0.45,10.284820348203496
2023-10-14,3,wk inc hosp,2023-11-04,40,quantile,0.5,15
2023-10-14,3,wk inc hosp,2023-11-04,40,quantile,0.55,20.170303703037057
2023-10-14,3,wk inc hosp,2023-11-04,40,quantile,0.6,25.794719947199475
2023-10-14,3,wk inc hosp,2023-11-04,40,quantile,0.65,32.04142041420418
2023-10-14,3,wk inc hosp,2023-11-04,40,quantile,0.7,40.14165041650417
2023-10-14,3,wk inc hosp,2023-11-04,40,quantile,0.75,51.14389893898941
2023-10-14,3,wk inc hosp,2023-11-04,40,quantile,0.8,66.97492374923775
2023-10-14,3,wk inc hosp,2023-11-04,40,quantile,0.85,88.76495914959152
2023-10-14,3,wk inc hosp,2023-11-04,40,quantile,0.9,119.42537325373252
2023-10-14,3,wk inc hosp,2023-11-04,40,quantile,0.95,216.03753437534377
2023-10-14,3,wk inc hosp,2023-11-04,40,quantile,0.975,268.7397086470881
2023-10-14,3,wk inc hosp,2023-11-04,40,quantile,0.99,373.93368713687045
2023-10-14,3,wk inc hosp,2023-11-04,41,quantile,0.01,0
2023-10-14,3,wk inc hosp,2023-11-04,41,quantile,0.025,0
2023-10-14,3,wk inc hosp,2023-11-04,41,quantile,0.05,0
2023-10-14,3,wk inc hosp,2023-11-04,41,quantile,0.1,0
2023-10-14,3,wk inc hosp,2023-11-04,41,quantile,0.15,0
2023-10-14,3,wk inc hosp,2023-11-04,41,quantile,0.2,0
2023-10-14,3,wk inc hosp,2023-11-04,41,quantile,0.25,0
2023-10-14,3,wk inc hosp,2023-11-04,41,quantile,0.3,0
2023-10-14,3,wk inc hosp,2023-11-04,41,quantile,0.35,1.7782727827278269
2023-10-14,3,wk inc hosp,2023-11-04,41,quantile,0.4,3.5428564285642947
2023-10-14,3,wk inc hosp,2023-11-04,41,quantile,0.45,4.778272782727827
2023-10-14,3,wk inc hosp,2023-11-04,41,quantile,0.5,6
2023-10-14,3,wk inc hosp,2023-11-04,41,quantile,0.55,7.778272782727827
2023-10-14,3,wk inc hosp,2023-11-04,41,quantile,0.6,9.11380613806141
2023-10-14,3,wk inc hosp,2023-11-04,41,quantile,0.65,10.8820138201382
2023-10-14,3,wk inc hosp,2023-11-04,41,quantile,0.7,13.778272782727827
2023-10-14,3,wk inc hosp,2023-11-04,41,quantile,0.75,17.88491634916347
2023-10-14,3,wk inc hosp,2023-11-04,41,quantile,0.8,26.88218582185826
2023-10-14,3,wk inc hosp,2023-11-04,41,quantile,0.85,49.562113621136334
2023-10-14,3,wk inc hosp,2023-11-04,41,quantile,0.9,97.76553065530673
2023-10-14,3,wk inc hosp,2023-11-04,41,quantile,0.95,198.37045970459695
2023-10-14,3,wk inc hosp,2023-11-04,41,quantile,0.975,246.81656291562885
2023-10-14,3,wk inc hosp,2023-11-04,41,quantile,0.99,261.743863538635
2023-10-14,3,wk inc hosp,2023-11-04,42,quantile,0.01,0
2023-10-14,3,wk inc hosp,2023-11-04,42,quantile,0.025,0
2023-10-14,3,wk inc hosp,2023-11-04,42,quantile,0.05,0
2023-10-14,3,wk inc hosp,2023-11-04,42,quantile,0.1,0
2023-10-14,3,wk inc hosp,2023-11-04,42,quantile,0.15,0
2023-10-14,3,wk inc hosp,2023-11-04,42,quantile,0.2,0
2023-10-14,3,wk inc hosp,2023-11-04,42,quantile,0.25,1.2293797937979223
2023-10-14,3,wk inc hosp,2023-11-04,42,quantile,0.3,11.314268142681442
2023-10-14,3,wk inc hosp,2023-11-04,42,quantile,0.35,19.921799217992174
2023-10-14,3,wk inc hosp,2023-11-04,42,quantile,0.4,27.20289802898025
2023-10-14,3,wk inc hosp,2023-11-04,42,quantile,0.45,34.367697176971774
2023-10-14,3,wk inc hosp,2023-11-04,42,quantile,0.5,41
2023-10-14,3,wk inc hosp,2023-11-04,42,quantile,0.55,47.97675176751768
2023-10-14,3,wk inc hosp,2023-11-04,42,quantile,0.6,55.181173811738105
2023-10-14,3,wk inc hosp,2023-11-04,42,quantile,0.65,63.501275012750114
2023-10-14,3,wk inc hosp,2023-11-04,42,quantile,0.7,73.22579225792256
2023-10-14,3,wk inc hosp,2023-11-04,42,quantile,0.75,86.00067750677505
2023-10-14,3,wk inc hosp,2023-11-04,42,quantile,0.8,104.32905329053301
2023-10-14,3,wk inc hosp,2023-11-04,42,quantile,0.85,134.27325823258235
2023-10-14,3,wk inc hosp,2023-11-04,42,quantile,0.9,189.06464764647646
2023-10-14,3,wk inc hosp,2023-11-04,42,quantile,0.95,319.86649466494725
2023-10-14,3,wk inc hosp,2023-11-04,42,quantile,0.975,409.48384283842825
2023-10-14,3,wk inc hosp,2023-11-04,42,quantile,0.99,548.2788418884154
2023-10-14,3,wk inc hosp,2023-11-04,44,quantile,0.01,0
2023-10-14,3,wk inc hosp,2023-11-04,44,quantile,0.025,0
2023-10-14,3,wk inc hosp,2023-11-04,44,quantile,0.05,0
2023-10-14,3,wk inc hosp,2023-11-04,44,quantile,0.1,0
2023-10-14,3,wk inc hosp,2023-11-04,44,quantile,0.15,0
2023-10-14,3,wk inc hosp,2023-11-04,44,quantile,0.2,0
2023-10-14,3,wk inc hosp,2023-11-04,44,quantile,0.25,0
2023-10-14,3,wk inc hosp,2023-11-04,44,quantile,0.3,0
2023-10-14,3,wk inc hosp,2023-11-04,44,quantile,0.35,0
2023-10-14,3,wk inc hosp,2023-11-04,44,quantile,0.4,0
2023-10-14,3,wk inc hosp,2023-11-04,44,quantile,0.45,1
2023-10-14,3,wk inc hosp,2023-11-04,44,quantile,0.5,1
2023-10-14,3,wk inc hosp,2023-11-04,44,quantile,0.55,2
2023-10-14,3,wk inc hosp,2023-11-04,44,quantile,0.6,2.707743077430777
2023-10-14,3,wk inc hosp,2023-11-04,44,quantile,0.65,3
2023-10-14,3,wk inc hosp,2023-11-04,44,quantile,0.7,4
2023-10-14,3,wk inc hosp,2023-11-04,44,quantile,0.75,5
2023-10-14,3,wk inc hosp,2023-11-04,44,quantile,0.8,6.330761307613075
2023-10-14,3,wk inc hosp,2023-11-04,44,quantile,0.85,8.773579235792365
2023-10-14,3,wk inc hosp,2023-11-04,44,quantile,0.9,12.485903859038588
2023-10-14,3,wk inc hosp,2023-11-04,44,quantile,0.95,19.688829388293886
2023-10-14,3,wk inc hosp,2023-11-04,44,quantile,0.975,27.87023795237963
2023-10-14,3,wk inc hosp,2023-11-04,44,quantile,0.99,32.845513255132516
2023-10-14,3,wk inc hosp,2023-11-04,45,quantile,0.01,0
2023-10-14,3,wk inc hosp,2023-11-04,45,quantile,0.025,0
2023-10-14,3,wk inc hosp,2023-11-04,45,quantile,0.05,0
2023-10-14,3,wk inc hosp,2023-11-04,45,quantile,0.1,0
2023-10-14,3,wk inc hosp,2023-11-04,45,quantile,0.15,0
2023-10-14,3,wk inc hosp,2023-11-04,45,quantile,0.2,1.8615786157861578
2023-10-14,3,wk inc hosp,2023-11-04,45,quantile,0.25,6.121041210412109
2023-10-14,3,wk inc hosp,2023-11-04,45,quantile,0.3,9.861578615786158
2023-10-14,3,wk inc hosp,2023-11-04,45,quantile,0.35,13.328644786447846
2023-10-14,3,wk inc hosp,2023-11-04,45,quantile,0.4,16.38890188901891
2023-10-14,3,wk inc hosp,2023-11-04,45,quantile,0.45,19.256848568485687
2023-10-14,3,wk inc hosp,2023-11-04,45,quantile,0.5,22
2023-10-14,3,wk inc hosp,2023-11-04,45,quantile,0.55,24.861578615786158
2023-10-14,3,wk inc hosp,2023-11-04,45,quantile,0.6,27.861578615786158
2023-10-14,3,wk inc hosp,2023-11-04,45,quantile,0.65,30.861578615786158
2023-10-14,3,wk inc hosp,2023-11-04,45,quantile,0.7,34.493606936069355
2023-10-14,3,wk inc hosp,2023-11-04,45,quantile,0.75,38.515492654926554
2023-10-14,3,wk inc hosp,2023-11-04,45,quantile,0.8,43.64521645216452
2023-10-14,3,wk inc hosp,2023-11-04,45,quantile,0.85,50.86157861578616
2023-10-14,3,wk inc hosp,2023-11-04,45,quantile,0.9,63.12144421444214
2023-10-14,3,wk inc hosp,2023-11-04,45,quantile,0.95,92.76208312083126
2023-10-14,3,wk inc hosp,2023-11-04,45,quantile,0.975,110.45173176731757
2023-10-14,3,wk inc hosp,2023-11-04,45,quantile,0.99,125.81023280232809
2023-10-14,3,wk inc hosp,2023-11-04,46,quantile,0.01,0
2023-10-14,3,wk inc hosp,2023-11-04,46,quantile,0.025,0
2023-10-14,3,wk inc hosp,2023-11-04,46,quantile,0.05,0
2023-10-14,3,wk inc hosp,2023-11-04,46,quantile,0.1,0
2023-10-14,3,wk inc hosp,2023-11-04,46,quantile,0.15,0
2023-10-14,3,wk inc hosp,2023-11-04,46,quantile,0.2,0
2023-10-14,3,wk inc hosp,2023-11-04,46,quantile,0.25,0
2023-10-14,3,wk inc hosp,2023-11-04,46,quantile,0.3,0
2023-10-14,3,wk inc hosp,2023-11-04,46,quantile,0.35,0
2023-10-14,3,wk inc hosp,2023-11-04,46,quantile,0.4,0
2023-10-14,3,wk inc hosp,2023-11-04,46,quantile,0.45,0
2023-10-14,3,wk inc hosp,2023-11-04,46,quantile,0.5,0
2023-10-14,3,wk inc hosp,2023-11-04,46,quantile,0.55,1
2023-10-14,3,wk inc hosp,2023-11-04,46,quantile,0.6,2.438138381383823
2023-10-14,3,wk inc hosp,2023-11-04,46,quantile,0.65,4
2023-10-14,3,wk inc hosp,2023-11-04,46,quantile,0.7,6
2023-10-14,3,wk inc hosp,2023-11-04,46,quantile,0.75,7.909021590215909
2023-10-14,3,wk inc hosp,2023-11-04,46,quantile,0.8,10
2023-10-14,3,wk inc hosp,2023-11-04,46,quantile,0.85,13
2023-10-14,3,wk inc hosp,2023-11-04,46,quantile,0.9,17.848525485254832
2023-10-14,3,wk inc hosp,2023-11-04,46,quantile,0.95,25.963090630906308
2023-10-14,3,wk inc hosp,2023-11-04,46,quantile,0.975,34.955905309053094
2023-10-14,3,wk inc hosp,2023-11-04,46,quantile,0.99,46.2772589725897
2023-10-14,3,wk inc hosp,2023-11-04,47,quantile,0.01,0
2023-10-14,3,wk inc hosp,2023-11-04,47,quantile,0.025,0
2023-10-14,3,wk inc hosp,2023-11-04,47,quantile,0.05,0
2023-10-14,3,wk inc hosp,2023-11-04,47,quantile,0.1,0
2023-10-14,3,wk inc hosp,2023-11-04,47,quantile,0.15,0
2023-10-14,3,wk inc hosp,2023-11-04,47,quantile,0.2,0
2023-10-14,3,wk inc hosp,2023-11-04,47,quantile,0.25,3.357333573335737
2023-10-14,3,wk inc hosp,2023-11-04,47,quantile,0.3,9.48415384153841
2023-10-14,3,wk inc hosp,2023-11-04,47,quantile,0.35,14.914903649036479
2023-10-14,3,wk inc hosp,2023-11-04,47,quantile,0.4,19.729203292032917
2023-10-14,3,wk inc hosp,2023-11-04,47,quantile,0.45,24.357333573335737
2023-10-14,3,wk inc hosp,2023-11-04,47,quantile,0.5,29
2023-10-14,3,wk inc hosp,2023-11-04,47,quantile,0.55,33.486665366653675
2023-10-14,3,wk inc hosp,2023-11-04,47,quantile,0.6,38.35733357333574
2023-10-14,3,wk inc hosp,2023-11-04,47,quantile,0.65,43.35733357333574
2023-10-14,3,wk inc hosp,2023-11-04,47,quantile,0.7,49.25639756397561
2023-10-14,3,wk inc hosp,2023-11-04,47,quantile,0.75,56.12525625256251
2023-10-14,3,wk inc hosp,2023-11-04,47,quantile,0.8,65.49602296022964
2023-10-14,3,wk inc hosp,2023-11-04,47,quantile,0.85,81.71121411214179
2023-10-14,3,wk inc hosp,2023-11-04,47,quantile,0.9,118.09250392503934
2023-10-14,3,wk inc hosp,2023-11-04,47,quantile,0.95,213.26795517955173
2023-10-14,3,wk inc hosp,2023-11-04,47,quantile,0.975,243.1153436534365
2023-10-14,3,wk inc hosp,2023-11-04,47,quantile,0.99,269.8700256002555
2023-10-14,3,wk inc hosp,2023-11-04,48,quantile,0.01,0
2023-10-14,3,wk inc hosp,2023-11-04,48,quantile,0.025,0
2023-10-14,3,wk inc hosp,2023-11-04,48,quantile,0.05,0
2023-10-14,3,wk inc hosp,2023-11-04,48,quantile,0.1,0
2023-10-14,3,wk inc hosp,2023-11-04,48,quantile,0.15,0
2023-10-14,3,wk inc hosp,2023-11-04,48,quantile,0.2,0
2023-10-14,3,wk inc hosp,2023-11-04,48,quantile,0.25,10.611731117311166
2023-10-14,3,wk inc hosp,2023-11-04,48,quantile,0.3,40.06518265182653
2023-10-14,3,wk inc hosp,2023-11-04,48,quantile,0.35,66.0124016240162
2023-10-14,3,wk inc hosp,2023-11-04,48,quantile,0.4,84.38010180101804
2023-10-14,3,wk inc hosp,2023-11-04,48,quantile,0.45,98.68570585705855
2023-10-14,3,wk inc hosp,2023-11-04,48,quantile,0.5,112
2023-10-14,3,wk inc hosp,2023-11-04,48,quantile,0.55,125.42001520015205
2023-10-14,3,wk inc hosp,2023-11-04,48,quantile,0.6,141.08851088510883
2023-10-14,3,wk inc hosp,2023-11-04,48,quantile,0.65,161.7723962239623
2023-10-14,3,wk inc hosp,2023-11-04,48,quantile,0.7,192.1915029150292
2023-10-14,3,wk inc hosp,2023-11-04,48,quantile,0.75,227.96310713107147
2023-10-14,3,wk inc hosp,2023-11-04,48,quantile,0.8,269.7665616656169
2023-10-14,3,wk inc hosp,2023-11-04,48,quantile,0.85,327.0380438804385
2023-10-14,3,wk inc hosp,2023-11-04,48,quantile,0.9,400.7028230282305
2023-10-14,3,wk inc hosp,2023-11-04,48,quantile,0.95,530.4244122441221
2023-10-14,3,wk inc hosp,2023-11-04,48,quantile,0.975,633.4697324473246
2023-10-14,3,wk inc hosp,2023-11-04,48,quantile,0.99,750.6571813718119
2023-10-14,3,wk inc hosp,2023-11-04,49,quantile,0.01,0
2023-10-14,3,wk inc hosp,2023-11-04,49,quantile,0.025,0
2023-10-14,3,wk inc hosp,2023-11-04,49,quantile,0.05,0
2023-10-14,3,wk inc hosp,2023-11-04,49,quantile,0.1,0
2023-10-14,3,wk inc hosp,2023-11-04,49,quantile,0.15,0
2023-10-14,3,wk inc hosp,2023-11-04,49,quantile,0.2,0
2023-10-14,3,wk inc hosp,2023-11-04,49,quantile,0.25,0
2023-10-14,3,wk inc hosp,2023-11-04,49,quantile,0.3,0
2023-10-14,3,wk inc hosp,2023-11-04,49,quantile,0.35,0.9296642966429687
2023-10-14,3,wk inc hosp,2023-11-04,49,quantile,0.4,1.9296642966429687
2023-10-14,3,wk inc hosp,2023-11-04,49,quantile,0.45,2.9296642966429687
2023-10-14,3,wk inc hosp,2023-11-04,49,quantile,0.5,4
2023-10-14,3,wk inc hosp,2023-11-04,49,quantile,0.55,5.3704567045670455
2023-10-14,3,wk inc hosp,2023-11-04,49,quantile,0.6,6.929664296642969
2023-10-14,3,wk inc hosp,2023-11-04,49,quantile,0.65,7.929664296642969
2023-10-14,3,wk inc hosp,2023-11-04,49,quantile,0.7,9.102667026670279
2023-10-14,3,wk inc hosp,2023-11-04,49,quantile,0.75,10.929664296642969
2023-10-14,3,wk inc hosp,2023-11-04,49,quantile,0.8,13.439045390453913
2023-10-14,3,wk inc hosp,2023-11-04,49,quantile,0.85,16.92966429664297
2023-10-14,3,wk inc hosp,2023-11-04,49,quantile,0.9,21.734019340193367
2023-10-14,3,wk inc hosp,2023-11-04,49,quantile,0.95,28.36188661886617
2023-10-14,3,wk inc hosp,2023-11-04,49,quantile,0.975,35.07952029520294
2023-10-14,3,wk inc hosp,2023-11-04,49,quantile,0.99,43.939891098910934
2023-10-14,3,wk inc hosp,2023-11-04,50,quantile,0.01,0
2023-10-14,3,wk inc hosp,2023-11-04,50,quantile,0.025,0
2023-10-14,3,wk inc hosp,2023-11-04,50,quantile,0.05,0
2023-10-14,3,wk inc hosp,2023-11-04,50,quantile,0.1,0
2023-10-14,3,wk inc hosp,2023-11-04,50,quantile,0.15,0
2023-10-14,3,wk inc hosp,2023-11-04,50,quantile,0.2,0
2023-10-14,3,wk inc hosp,2023-11-04,50,quantile,0.25,0
2023-10-14,3,wk inc hosp,2023-11-04,50,quantile,0.3,0
2023-10-14,3,wk inc hosp,2023-11-04,50,quantile,0.35,0
2023-10-14,3,wk inc hosp,2023-11-04,50,quantile,0.4,0
2023-10-14,3,wk inc hosp,2023-11-04,50,quantile,0.45,0
2023-10-14,3,wk inc hosp,2023-11-04,50,quantile,0.5,0
2023-10-14,3,wk inc hosp,2023-11-04,50,quantile,0.55,0
2023-10-14,3,wk inc hosp,2023-11-04,50,quantile,0.6,1
2023-10-14,3,wk inc hosp,2023-11-04,50,quantile,0.65,1
2023-10-14,3,wk inc hosp,2023-11-04,50,quantile,0.7,2
2023-10-14,3,wk inc hosp,2023-11-04,50,quantile,0.75,3
2023-10-14,3,wk inc hosp,2023-11-04,50,quantile,0.8,4
2023-10-14,3,wk inc hosp,2023-11-04,50,quantile,0.85,6.424135241352413
2023-10-14,3,wk inc hosp,2023-11-04,50,quantile,0.9,11
2023-10-14,3,wk inc hosp,2023-11-04,50,quantile,0.95,17.846962469624668
2023-10-14,3,wk inc hosp,2023-11-04,50,quantile,0.975,27.466484914848937
2023-10-14,3,wk inc hosp,2023-11-04,50,quantile,0.99,35.20402484024837
2023-10-14,3,wk inc hosp,2023-11-04,51,quantile,0.01,0
2023-10-14,3,wk inc hosp,2023-11-04,51,quantile,0.025,0
2023-10-14,3,wk inc hosp,2023-11-04,51,quantile,0.05,0
2023-10-14,3,wk inc hosp,2023-11-04,51,quantile,0.1,0
2023-10-14,3,wk inc hosp,2023-11-04,51,quantile,0.15,5.083729837298345
2023-10-14,3,wk inc hosp,2023-11-04,51,quantile,0.2,17.837005370053717
2023-10-14,3,wk inc hosp,2023-11-04,51,quantile,0.25,25.841903419034182
2023-10-14,3,wk inc hosp,2023-11-04,51,quantile,0.3,31.841903419034182
2023-10-14,3,wk inc hosp,2023-11-04,51,quantile,0.35,36.85780357803577
2023-10-14,3,wk inc hosp,2023-11-04,51,quantile,0.4,41.57773877738777
2023-10-14,3,wk inc hosp,2023-11-04,51,quantile,0.45,45.84190341903418
2023-10-14,3,wk inc hosp,2023-11-04,51,quantile,0.5,50
2023-10-14,3,wk inc hosp,2023-11-04,51,quantile,0.55,54.252775527755276
2023-10-14,3,wk inc hosp,2023-11-04,51,quantile,0.6,58.597714977149764
2023-10-14,3,wk inc hosp,2023-11-04,51,quantile,0.65,63.26896268962689
2023-10-14,3,wk inc hosp,2023-11-04,51,quantile,0.7,68.42942729427293
2023-10-14,3,wk inc hosp,2023-11-04,51,quantile,0.75,74.84190341903418
2023-10-14,3,wk inc hosp,2023-11-04,51,quantile,0.8,83.84190341903418
2023-10-14,3,wk inc hosp,2023-11-04,51,quantile,0.85,101.69756097560963
2023-10-14,3,wk inc hosp,2023-11-04,51,quantile,0.9,136.2231152311523
2023-10-14,3,wk inc hosp,2023-11-04,51,quantile,0.95,171.09127891278902
2023-10-14,3,wk inc hosp,2023-11-04,51,quantile,0.975,190.6447551975519
2023-10-14,3,wk inc hosp,2023-11-04,51,quantile,0.99,218.0872720727203
2023-10-14,3,wk inc hosp,2023-11-04,53,quantile,0.01,0
2023-10-14,3,wk inc hosp,2023-11-04,53,quantile,0.025,0
2023-10-14,3,wk inc hosp,2023-11-04,53,quantile,0.05,0
2023-10-14,3,wk inc hosp,2023-11-04,53,quantile,0.1,0
2023-10-14,3,wk inc hosp,2023-11-04,53,quantile,0.15,0
2023-10-14,3,wk inc hosp,2023-11-04,53,quantile,0.2,0
2023-10-14,3,wk inc hosp,2023-11-04,53,quantile,0.25,0
2023-10-14,3,wk inc hosp,2023-11-04,53,quantile,0.3,0
2023-10-14,3,wk inc hosp,2023-11-04,53,quantile,0.35,0
2023-10-14,3,wk inc hosp,2023-11-04,53,quantile,0.4,0
2023-10-14,3,wk inc hosp,2023-11-04,53,quantile,0.45,1.1969249692496935
2023-10-14,3,wk inc hosp,2023-11-04,53,quantile,0.5,4
2023-10-14,3,wk inc hosp,2023-11-04,53,quantile,0.55,6.903412034120341
2023-10-14,3,wk inc hosp,2023-11-04,53,quantile,0.6,10.199824998249968
2023-10-14,3,wk inc hosp,2023-11-04,53,quantile,0.65,13.51572015720157
2023-10-14,3,wk inc hosp,2023-11-04,53,quantile,0.7,17.981307813078114
2023-10-14,3,wk inc hosp,2023-11-04,53,quantile,0.75,23.532385323853234
2023-10-14,3,wk inc hosp,2023-11-04,53,quantile,0.8,32.64131541315423
2023-10-14,3,wk inc hosp,2023-11-04,53,quantile,0.85,54.74717947179456
2023-10-14,3,wk inc hosp,2023-11-04,53,quantile,0.9,96.71746317463153
2023-10-14,3,wk inc hosp,2023-11-04,53,quantile,0.95,180.6507650076499
2023-10-14,3,wk inc hosp,2023-11-04,53,quantile,0.975,282.8059270592705
2023-10-14,3,wk inc hosp,2023-11-04,53,quantile,0.99,339.24248492484895
2023-10-14,3,wk inc hosp,2023-11-04,54,quantile,0.01,0
2023-10-14,3,wk inc hosp,2023-11-04,54,quantile,0.025,0
2023-10-14,3,wk inc hosp,2023-11-04,54,quantile,0.05,0
2023-10-14,3,wk inc hosp,2023-11-04,54,quantile,0.1,0
2023-10-14,3,wk inc hosp,2023-11-04,54,quantile,0.15,0
2023-10-14,3,wk inc hosp,2023-11-04,54,quantile,0.2,0
2023-10-14,3,wk inc hosp,2023-11-04,54,quantile,0.25,0
2023-10-14,3,wk inc hosp,2023-11-04,54,quantile,0.3,0
2023-10-14,3,wk inc hosp,2023-11-04,54,quantile,0.35,0
2023-10-14,3,wk inc hosp,2023-11-04,54,quantile,0.4,0
2023-10-14,3,wk inc hosp,2023-11-04,54,quantile,0.45,0
2023-10-14,3,wk inc hosp,2023-11-04,54,quantile,0.5,2
2023-10-14,3,wk inc hosp,2023-11-04,54,quantile,0.55,4
2023-10-14,3,wk inc hosp,2023-11-04,54,quantile,0.6,6.291512915129176
2023-10-14,3,wk inc hosp,2023-11-04,54,quantile,0.65,9
2023-10-14,3,wk inc hosp,2023-11-04,54,quantile,0.7,12
2023-10-14,3,wk inc hosp,2023-11-04,54,quantile,0.75,16.28832538325383
2023-10-14,3,wk inc hosp,2023-11-04,54,quantile,0.8,22.727565275652776
2023-10-14,3,wk inc hosp,2023-11-04,54,quantile,0.85,32.916352163521395
2023-10-14,3,wk inc hosp,2023-11-04,54,quantile,0.9,45.661489614896155
2023-10-14,3,wk inc hosp,2023-11-04,54,quantile,0.95,70.90020350203447
2023-10-14,3,wk inc hosp,2023-11-04,54,quantile,0.975,105.22922304223052
2023-10-14,3,wk inc hosp,2023-11-04,54,quantile,0.99,127.32916259162573
2023-10-14,3,wk inc hosp,2023-11-04,55,quantile,0.01,0
2023-10-14,3,wk inc hosp,2023-11-04,55,quantile,0.025,0
2023-10-14,3,wk inc hosp,2023-11-04,55,quantile,0.05,0
2023-10-14,3,wk inc hosp,2023-11-04,55,quantile,0.1,0
2023-10-14,3,wk inc hosp,2023-11-04,55,quantile,0.15,0
2023-10-14,3,wk inc hosp,2023-11-04,55,quantile,0.2,0
2023-10-14,3,wk inc hosp,2023-11-04,55,quantile,0.25,0
2023-10-14,3,wk inc hosp,2023-11-04,55,quantile,0.3,0
2023-10-14,3,wk inc hosp,2023-11-04,55,quantile,0.35,1
2023-10-14,3,wk inc hosp,2023-11-04,55,quantile,0.4,4
2023-10-14,3,wk inc hosp,2023-11-04,55,quantile,0.45,7
2023-10-14,3,wk inc hosp,2023-11-04,55,quantile,0.5,10
2023-10-14,3,wk inc hosp,2023-11-04,55,quantile,0.55,13.00602856028561
2023-10-14,3,wk inc hosp,2023-11-04,55,quantile,0.6,16.579999799998014
2023-10-14,3,wk inc hosp,2023-11-04,55,quantile,0.65,20.175971759717577
2023-10-14,3,wk inc hosp,2023-11-04,55,quantile,0.7,24.767489674896744
2023-10-14,3,wk inc hosp,2023-11-04,55,quantile,0.75,30.21604466044659
2023-10-14,3,wk inc hosp,2023-11-04,55,quantile,0.8,38.339023390233955
2023-10-14,3,wk inc hosp,2023-11-04,55,quantile,0.85,51.15349953499535
2023-10-14,3,wk inc hosp,2023-11-04,55,quantile,0.9,72.6571065710658
2023-10-14,3,wk inc hosp,2023-11-04,55,quantile,0.95,151.81713467134665
2023-10-14,3,wk inc hosp,2023-11-04,55,quantile,0.975,180.72891203912002
2023-10-14,3,wk inc hosp,2023-11-04,55,quantile,0.99,215.73835868358634
2023-10-14,3,wk inc hosp,2023-11-04,56,quantile,0.01,0
2023-10-14,3,wk inc hosp,2023-11-04,56,quantile,0.025,0
2023-10-14,3,wk inc hosp,2023-11-04,56,quantile,0.05,0
2023-10-14,3,wk inc hosp,2023-11-04,56,quantile,0.1,0
2023-10-14,3,wk inc hosp,2023-11-04,56,quantile,0.15,0
2023-10-14,3,wk inc hosp,2023-11-04,56,quantile,0.2,0
2023-10-14,3,wk inc hosp,2023-11-04,56,quantile,0.25,1.7052920529205289
2023-10-14,3,wk inc hosp,2023-11-04,56,quantile,0.3,3
2023-10-14,3,wk inc hosp,2023-11-04,56,quantile,0.35,4
2023-10-14,3,wk inc hosp,2023-11-04,56,quantile,0.4,4.660852608526089
2023-10-14,3,wk inc hosp,2023-11-04,56,quantile,0.45,5
2023-10-14,3,wk inc hosp,2023-11-04,56,quantile,0.5,6
2023-10-14,3,wk inc hosp,2023-11-04,56,quantile,0.55,7
2023-10-14,3,wk inc hosp,2023-11-04,56,quantile,0.6,8
2023-10-14,3,wk inc hosp,2023-11-04,56,quantile,0.65,8.592019920199203
2023-10-14,3,wk inc hosp,2023-11-04,56,quantile,0.7,9.694061940619392
2023-10-14,3,wk inc hosp,2023-11-04,56,quantile,0.75,11
2023-10-14,3,wk inc hosp,2023-11-04,56,quantile,0.8,12.41352813528136
2023-10-14,3,wk inc hosp,2023-11-04,56,quantile,0.85,15
2023-10-14,3,wk inc hosp,2023-11-04,56,quantile,0.9,19.914578145781512
2023-10-14,3,wk inc hosp,2023-11-04,56,quantile,0.95,30.426328263282574
2023-10-14,3,wk inc hosp,2023-11-04,56,quantile,0.975,38.70426304263038
2023-10-14,3,wk inc hosp,2023-11-04,56,quantile,0.99,44.96413224132239
2023-10-14,3,wk inc hosp,2023-11-04,72,quantile,0.01,30.154568745687456
2023-10-14,3,wk inc hosp,2023-11-04,72,quantile,0.025,44.770393203932045
2023-10-14,3,wk inc hosp,2023-11-04,72,quantile,0.05,57.21649516495164
2023-10-14,3,wk inc hosp,2023-11-04,72,quantile,0.1,70.81211312113122
2023-10-14,3,wk inc hosp,2023-11-04,72,quantile,0.15,79.22521025210253
2023-10-14,3,wk inc hosp,2023-11-04,72,quantile,0.2,85.26601066010662
2023-10-14,3,wk inc hosp,2023-11-04,72,quantile,0.25,90.16377163771638
2023-10-14,3,wk inc hosp,2023-11-04,72,quantile,0.3,94.45958459584597
2023-10-14,3,wk inc hosp,2023-11-04,72,quantile,0.35,98.31799967999679
2023-10-14,3,wk inc hosp,2023-11-04,72,quantile,0.4,102
2023-10-14,3,wk inc hosp,2023-11-04,72,quantile,0.45,105.62248722487223
2023-10-14,3,wk inc hosp,2023-11-04,72,quantile,0.5,109
2023-10-14,3,wk inc hosp,2023-11-04,72,quantile,0.55,112.58474634746352
2023-10-14,3,wk inc hosp,2023-11-04,72,quantile,0.6,116
2023-10-14,3,wk inc hosp,2023-11-04,72,quantile,0.65,119.56342013420135
2023-10-14,3,wk inc hosp,2023-11-04,72,quantile,0.7,123.53929439294392
2023-10-14,3,wk inc hosp,2023-11-04,72,quantile,0.75,127.88964139641396
2023-10-14,3,wk inc hosp,2023-11-04,72,quantile,0.8,132.80573605736063
2023-10-14,3,wk inc hosp,2023-11-04,72,quantile,0.85,138.97792177921775
2023-10-14,3,wk inc hosp,2023-11-04,72,quantile,0.9,147.2187201872018
2023-10-14,3,wk inc hosp,2023-11-04,72,quantile,0.95,160.81030560305587
2023-10-14,3,wk inc hosp,2023-11-04,72,quantile,0.975,173.20292452924528
2023-10-14,3,wk inc hosp,2023-11-04,72,quantile,0.99,187.7592538925389
2023-10-14,3,wk inc hosp,2023-11-04,US,quantile,0.01,0
2023-10-14,3,wk inc hosp,2023-11-04,US,quantile,0.025,0
2023-10-14,3,wk inc hosp,2023-11-04,US,quantile,0.05,0
2023-10-14,3,wk inc hosp,2023-11-04,US,quantile,0.1,0
2023-10-14,3,wk inc hosp,2023-11-04,US,quantile,0.15,0
2023-10-14,3,wk inc hosp,2023-11-04,US,quantile,0.2,117.31652616526225
2023-10-14,3,wk inc hosp,2023-11-04,US,quantile,0.25,445.69532945329456
2023-10-14,3,wk inc hosp,2023-11-04,US,quantile,0.3,649.7935319353193
2023-10-14,3,wk inc hosp,2023-11-04,US,quantile,0.35,793.6447829478294
2023-10-14,3,wk inc hosp,2023-11-04,US,quantile,0.4,914.2088390883914
2023-10-14,3,wk inc hosp,2023-11-04,US,quantile,0.45,1017.4657306573067
2023-10-14,3,wk inc hosp,2023-11-04,US,quantile,0.5,1116
2023-10-14,3,wk inc hosp,2023-11-04,US,quantile,0.55,1215.4437929379292
2023-10-14,3,wk inc hosp,2023-11-04,US,quantile,0.6,1322.8494794947949
2023-10-14,3,wk inc hosp,2023-11-04,US,quantile,0.65,1450.5441114411149
2023-10-14,3,wk inc hosp,2023-11-04,US,quantile,0.7,1612.2422384223833
2023-10-14,3,wk inc hosp,2023-11-04,US,quantile,0.75,1858.045675456755
2023-10-14,3,wk inc hosp,2023-11-04,US,quantile,0.8,2455.0367733677376
2023-10-14,3,wk inc hosp,2023-11-04,US,quantile,0.85,3225.990495404954
2023-10-14,3,wk inc hosp,2023-11-04,US,quantile,0.9,3874.6836638366403
2023-10-14,3,wk inc hosp,2023-11-04,US,quantile,0.95,6944.241049910464
2023-10-14,3,wk inc hosp,2023-11-04,US,quantile,0.975,8466.665093650941
2023-10-14,3,wk inc hosp,2023-11-04,US,quantile,0.99,9585.506578665769
2023-10-14,4,wk inc hosp,2023-11-11,01,quantile,0.01,0
2023-10-14,4,wk inc hosp,2023-11-11,01,quantile,0.025,0
2023-10-14,4,wk inc hosp,2023-11-11,01,quantile,0.05,0
2023-10-14,4,wk inc hosp,2023-11-11,01,quantile,0.1,0
2023-10-14,4,wk inc hosp,2023-11-11,01,quantile,0.15,0
2023-10-14,4,wk inc hosp,2023-11-11,01,quantile,0.2,0
2023-10-14,4,wk inc hosp,2023-11-11,01,quantile,0.25,0
2023-10-14,4,wk inc hosp,2023-11-11,01,quantile,0.3,2.044554445544451
2023-10-14,4,wk inc hosp,2023-11-11,01,quantile,0.35,7.033823838238376
2023-10-14,4,wk inc hosp,2023-11-11,01,quantile,0.4,11.674264742647427
2023-10-14,4,wk inc hosp,2023-11-11,01,quantile,0.45,15.904343543435427
2023-10-14,4,wk inc hosp,2023-11-11,01,quantile,0.5,20
2023-10-14,4,wk inc hosp,2023-11-11,01,quantile,0.55,24.012700127001267
2023-10-14,4,wk inc hosp,2023-11-11,01,quantile,0.6,28.242296422964216
2023-10-14,4,wk inc hosp,2023-11-11,01,quantile,0.65,33.01270012700127
2023-10-14,4,wk inc hosp,2023-11-11,01,quantile,0.7,38.52024020240199
2023-10-14,4,wk inc hosp,2023-11-11,01,quantile,0.75,45.317383173831715
2023-10-14,4,wk inc hosp,2023-11-11,01,quantile,0.8,55.1208612086121
2023-10-14,4,wk inc hosp,2023-11-11,01,quantile,0.85,70.49030440304401
2023-10-14,4,wk inc hosp,2023-11-11,01,quantile,0.9,97.95110951109518
2023-10-14,4,wk inc hosp,2023-11-11,01,quantile,0.95,132.77734927349272
2023-10-14,4,wk inc hosp,2023-11-11,01,quantile,0.975,153.17500625006247
2023-10-14,4,wk inc hosp,2023-11-11,01,quantile,0.99,182.45295142951355
2023-10-14,4,wk inc hosp,2023-11-11,02,quantile,0.01,0
2023-10-14,4,wk inc hosp,2023-11-11,02,quantile,0.025,0
2023-10-14,4,wk inc hosp,2023-11-11,02,quantile,0.05,0
2023-10-14,4,wk inc hosp,2023-11-11,02,quantile,0.1,0
2023-10-14,4,wk inc hosp,2023-11-11,02,quantile,0.15,0
2023-10-14,4,wk inc hosp,2023-11-11,02,quantile,0.2,0.43507435074350553
2023-10-14,4,wk inc hosp,2023-11-11,02,quantile,0.25,2.9449319493194936
2023-10-14,4,wk inc hosp,2023-11-11,02,quantile,0.3,4.66904269042691
2023-10-14,4,wk inc hosp,2023-11-11,02,quantile,0.35,6
2023-10-14,4,wk inc hosp,2023-11-11,02,quantile,0.4,7.567369673696744
2023-10-14,4,wk inc hosp,2023-11-11,02,quantile,0.45,9
2023-10-14,4,wk inc hosp,2023-11-11,02,quantile,0.5,10
2023-10-14,4,wk inc hosp,2023-11-11,02,quantile,0.55,11.14775497754977
2023-10-14,4,wk inc hosp,2023-11-11,02,quantile,0.6,12.975333753337537
2023-10-14,4,wk inc hosp,2023-11-11,02,quantile,0.65,14
2023-10-14,4,wk inc hosp,2023-11-11,02,quantile,0.7,16
2023-10-14,4,wk inc hosp,2023-11-11,02,quantile,0.75,18
2023-10-14,4,wk inc hosp,2023-11-11,02,quantile,0.8,20.448038480384824
2023-10-14,4,wk inc hosp,2023-11-11,02,quantile,0.85,24.05267652676525
2023-10-14,4,wk inc hosp,2023-11-11,02,quantile,0.9,28.93509535095356
2023-10-14,4,wk inc hosp,2023-11-11,02,quantile,0.95,35.50308203082031
2023-10-14,4,wk inc hosp,2023-11-11,02,quantile,0.975,41.04233142331421
2023-10-14,4,wk inc hosp,2023-11-11,02,quantile,0.99,48.59134331343313
2023-10-14,4,wk inc hosp,2023-11-11,04,quantile,0.01,0
2023-10-14,4,wk inc hosp,2023-11-11,04,quantile,0.025,0
2023-10-14,4,wk inc hosp,2023-11-11,04,quantile,0.05,0
2023-10-14,4,wk inc hosp,2023-11-11,04,quantile,0.1,0
2023-10-14,4,wk inc hosp,2023-11-11,04,quantile,0.15,0
2023-10-14,4,wk inc hosp,2023-11-11,04,quantile,0.2,0
2023-10-14,4,wk inc hosp,2023-11-11,04,quantile,0.25,0
2023-10-14,4,wk inc hosp,2023-11-11,04,quantile,0.3,0
2023-10-14,4,wk inc hosp,2023-11-11,04,quantile,0.35,0
2023-10-14,4,wk inc hosp,2023-11-11,04,quantile,0.4,1.4553675536755906
2023-10-14,4,wk inc hosp,2023-11-11,04,quantile,0.45,8.84218942189426
2023-10-14,4,wk inc hosp,2023-11-11,04,quantile,0.5,16
2023-10-14,4,wk inc hosp,2023-11-11,04,quantile,0.55,23.407408074080777
2023-10-14,4,wk inc hosp,2023-11-11,04,quantile,0.6,31.350224502245055
2023-10-14,4,wk inc hosp,2023-11-11,04,quantile,0.65,40.59176091760921
2023-10-14,4,wk inc hosp,2023-11-11,04,quantile,0.7,51.558301583015755
2023-10-14,4,wk inc hosp,2023-11-11,04,quantile,0.75,65.46535465354657
2023-10-14,4,wk inc hosp,2023-11-11,04,quantile,0.8,84.87203372033741
2023-10-14,4,wk inc hosp,2023-11-11,04,quantile,0.85,120.98158531585318
2023-10-14,4,wk inc hosp,2023-11-11,04,quantile,0.9,196.31572815728182
2023-10-14,4,wk inc hosp,2023-11-11,04,quantile,0.95,257.4258002580028
2023-10-14,4,wk inc hosp,2023-11-11,04,quantile,0.975,297.60464604646023
2023-10-14,4,wk inc hosp,2023-11-11,04,quantile,0.99,358.11571105711045
2023-10-14,4,wk inc hosp,2023-11-11,05,quantile,0.01,0
2023-10-14,4,wk inc hosp,2023-11-11,05,quantile,0.025,0
2023-10-14,4,wk inc hosp,2023-11-11,05,quantile,0.05,0
2023-10-14,4,wk inc hosp,2023-11-11,05,quantile,0.1,0
2023-10-14,4,wk inc hosp,2023-11-11,05,quantile,0.15,0
2023-10-14,4,wk inc hosp,2023-11-11,05,quantile,0.2,0
2023-10-14,4,wk inc hosp,2023-11-11,05,quantile,0.25,0
2023-10-14,4,wk inc hosp,2023-11-11,05,quantile,0.3,0
2023-10-14,4,wk inc hosp,2023-11-11,05,quantile,0.35,4.5953504535045235
2023-10-14,4,wk inc hosp,2023-11-11,05,quantile,0.4,9
2023-10-14,4,wk inc hosp,2023-11-11,05,quantile,0.45,13
2023-10-14,4,wk inc hosp,2023-11-11,05,quantile,0.5,17
2023-10-14,4,wk inc hosp,2023-11-11,05,quantile,0.55,21
2023-10-14,4,wk inc hosp,2023-11-11,05,quantile,0.6,25.22647826478262
2023-10-14,4,wk inc hosp,2023-11-11,05,quantile,0.65,30.055850558505597
2023-10-14,4,wk inc hosp,2023-11-11,05,quantile,0.7,36
2023-10-14,4,wk inc hosp,2023-11-11,05,quantile,0.75,43.13838138381389
2023-10-14,4,wk inc hosp,2023-11-11,05,quantile,0.8,53
2023-10-14,4,wk inc hosp,2023-11-11,05,quantile,0.85,66
2023-10-14,4,wk inc hosp,2023-11-11,05,quantile,0.9,83.16846668466688
2023-10-14,4,wk inc hosp,2023-11-11,05,quantile,0.95,116.19727397273923
2023-10-14,4,wk inc hosp,2023-11-11,05,quantile,0.975,152.15749057490544
2023-10-14,4,wk inc hosp,2023-11-11,05,quantile,0.99,190.44075440754398
2023-10-14,4,wk inc hosp,2023-11-11,06,quantile,0.01,0
2023-10-14,4,wk inc hosp,2023-11-11,06,quantile,0.025,0
2023-10-14,4,wk inc hosp,2023-11-11,06,quantile,0.05,0
2023-10-14,4,wk inc hosp,2023-11-11,06,quantile,0.1,0
2023-10-14,4,wk inc hosp,2023-11-11,06,quantile,0.15,0
2023-10-14,4,wk inc hosp,2023-11-11,06,quantile,0.2,0
2023-10-14,4,wk inc hosp,2023-11-11,06,quantile,0.25,0
2023-10-14,4,wk inc hosp,2023-11-11,06,quantile,0.3,0
2023-10-14,4,wk inc hosp,2023-11-11,06,quantile,0.35,5.040776407764041
2023-10-14,4,wk inc hosp,2023-11-11,06,quantile,0.4,19.185015850158514
2023-10-14,4,wk inc hosp,2023-11-11,06,quantile,0.45,32.371642216422174
2023-10-14,4,wk inc hosp,2023-11-11,06,quantile,0.5,45
2023-10-14,4,wk inc hosp,2023-11-11,06,quantile,0.55,57.9165781657817
2023-10-14,4,wk inc hosp,2023-11-11,06,quantile,0.6,72.88027680276802
2023-10-14,4,wk inc hosp,2023-11-11,06,quantile,0.65,89.87944029440294
2023-10-14,4,wk inc hosp,2023-11-11,06,quantile,0.7,112.54017340173397
2023-10-14,4,wk inc hosp,2023-11-11,06,quantile,0.75,147.71395213952138
2023-10-14,4,wk inc hosp,2023-11-11,06,quantile,0.8,227.00803608036074
2023-10-14,4,wk inc hosp,2023-11-11,06,quantile,0.85,442.53214582145864
2023-10-14,4,wk inc hosp,2023-11-11,06,quantile,0.9,588.3461554615557
2023-10-14,4,wk inc hosp,2023-11-11,06,quantile,0.95,788.2315033150315
2023-10-14,4,wk inc hosp,2023-11-11,06,quantile,0.975,959.8413481634861
2023-10-14,4,wk inc hosp,2023-11-11,06,quantile,0.99,1169.6887919879175
2023-10-14,4,wk inc hosp,2023-11-11,08,quantile,0.01,0
2023-10-14,4,wk inc hosp,2023-11-11,08,quantile,0.025,0
2023-10-14,4,wk inc hosp,2023-11-11,08,quantile,0.05,0
2023-10-14,4,wk inc hosp,2023-11-11,08,quantile,0.1,0
2023-10-14,4,wk inc hosp,2023-11-11,08,quantile,0.15,0
2023-10-14,4,wk inc hosp,2023-11-11,08,quantile,0.2,0
2023-10-14,4,wk inc hosp,2023-11-11,08,quantile,0.25,0
2023-10-14,4,wk inc hosp,2023-11-11,08,quantile,0.3,0
2023-10-14,4,wk inc hosp,2023-11-11,08,quantile,0.35,0
2023-10-14,4,wk inc hosp,2023-11-11,08,quantile,0.4,0.18537985379855346
2023-10-14,4,wk inc hosp,2023-11-11,08,quantile,0.45,5.145821458214578
2023-10-14,4,wk inc hosp,2023-11-11,08,quantile,0.5,10
2023-10-14,4,wk inc hosp,2023-11-11,08,quantile,0.55,15.171038210382115
2023-10-14,4,wk inc hosp,2023-11-11,08,quantile,0.6,20.43838438384383
2023-10-14,4,wk inc hosp,2023-11-11,08,quantile,0.65,26.650870008700082
2023-10-14,4,wk inc hosp,2023-11-11,08,quantile,0.7,33.92387223872233
2023-10-14,4,wk inc hosp,2023-11-11,08,quantile,0.75,42.438384383843825
2023-10-14,4,wk inc hosp,2023-11-11,08,quantile,0.8,52.92147321473215
2023-10-14,4,wk inc hosp,2023-11-11,08,quantile,0.85,66.02525075250746
2023-10-14,4,wk inc hosp,2023-11-11,08,quantile,0.9,83.57362573625744
2023-10-14,4,wk inc hosp,2023-11-11,08,quantile,0.95,110.20383303833039
2023-10-14,4,wk inc hosp,2023-11-11,08,quantile,0.975,135.3485419854206
2023-10-14,4,wk inc hosp,2023-11-11,08,quantile,0.99,166.2623057230568
2023-10-14,4,wk inc hosp,2023-11-11,09,quantile,0.01,0
2023-10-14,4,wk inc hosp,2023-11-11,09,quantile,0.025,0
2023-10-14,4,wk inc hosp,2023-11-11,09,quantile,0.05,0
2023-10-14,4,wk inc hosp,2023-11-11,09,quantile,0.1,0
2023-10-14,4,wk inc hosp,2023-11-11,09,quantile,0.15,0
2023-10-14,4,wk inc hosp,2023-11-11,09,quantile,0.2,0
2023-10-14,4,wk inc hosp,2023-11-11,09,quantile,0.25,0
2023-10-14,4,wk inc hosp,2023-11-11,09,quantile,0.3,0
2023-10-14,4,wk inc hosp,2023-11-11,09,quantile,0.35,0
2023-10-14,4,wk inc hosp,2023-11-11,09,quantile,0.4,0
2023-10-14,4,wk inc hosp,2023-11-11,09,quantile,0.45,1
2023-10-14,4,wk inc hosp,2023-11-11,09,quantile,0.5,4
2023-10-14,4,wk inc hosp,2023-11-11,09,quantile,0.55,7
2023-10-14,4,wk inc hosp,2023-11-11,09,quantile,0.6,10
2023-10-14,4,wk inc hosp,2023-11-11,09,quantile,0.65,13.588910889108877
2023-10-14,4,wk inc hosp,2023-11-11,09,quantile,0.7,18
2023-10-14,4,wk inc hosp,2023-11-11,09,quantile,0.75,23.72713977139764
2023-10-14,4,wk inc hosp,2023-11-11,09,quantile,0.8,31.928209282092702
2023-10-14,4,wk inc hosp,2023-11-11,09,quantile,0.85,44.57020570205694
2023-10-14,4,wk inc hosp,2023-11-11,09,quantile,0.9,67.40783007830089
2023-10-14,4,wk inc hosp,2023-11-11,09,quantile,0.95,102.95868208682055
2023-10-14,4,wk inc hosp,2023-11-11,09,quantile,0.975,143.3677986779869
2023-10-14,4,wk inc hosp,2023-11-11,09,quantile,0.99,206.22512055120492
2023-10-14,4,wk inc hosp,2023-11-11,10,quantile,0.01,0
2023-10-14,4,wk inc hosp,2023-11-11,10,quantile,0.025,0
2023-10-14,4,wk inc hosp,2023-11-11,10,quantile,0.05,0
2023-10-14,4,wk inc hosp,2023-11-11,10,quantile,0.1,0
2023-10-14,4,wk inc hosp,2023-11-11,10,quantile,0.15,0
2023-10-14,4,wk inc hosp,2023-11-11,10,quantile,0.2,0
2023-10-14,4,wk inc hosp,2023-11-11,10,quantile,0.25,0
2023-10-14,4,wk inc hosp,2023-11-11,10,quantile,0.3,0
2023-10-14,4,wk inc hosp,2023-11-11,10,quantile,0.35,0
2023-10-14,4,wk inc hosp,2023-11-11,10,quantile,0.4,0
2023-10-14,4,wk inc hosp,2023-11-11,10,quantile,0.45,0.7969884698846801
2023-10-14,4,wk inc hosp,2023-11-11,10,quantile,0.5,2
2023-10-14,4,wk inc hosp,2023-11-11,10,quantile,0.55,3.17985179851798
2023-10-14,4,wk inc hosp,2023-11-11,10,quantile,0.6,4.17985179851798
2023-10-14,4,wk inc hosp,2023-11-11,10,quantile,0.65,5.185851858518582
2023-10-14,4,wk inc hosp,2023-11-11,10,quantile,0.7,7.17985179851798
2023-10-14,4,wk inc hosp,2023-11-11,10,quantile,0.75,9.17985179851798
2023-10-14,4,wk inc hosp,2023-11-11,10,quantile,0.8,11.869060690606865
2023-10-14,4,wk inc hosp,2023-11-11,10,quantile,0.85,16.719554195541956
2023-10-14,4,wk inc hosp,2023-11-11,10,quantile,0.9,28.428551285513006
2023-10-14,4,wk inc hosp,2023-11-11,10,quantile,0.95,42.18660186601856
2023-10-14,4,wk inc hosp,2023-11-11,10,quantile,0.975,51.22467199672001
2023-10-14,4,wk inc hosp,2023-11-11,10,quantile,0.99,60.4040368403684
2023-10-14,4,wk inc hosp,2023-11-11,11,quantile,0.01,0
2023-10-14,4,wk inc hosp,2023-11-11,11,quantile,0.025,0
2023-10-14,4,wk inc hosp,2023-11-11,11,quantile,0.05,0
2023-10-14,4,wk inc hosp,2023-11-11,11,quantile,0.1,0
2023-10-14,4,wk inc hosp,2023-11-11,11,quantile,0.15,0
2023-10-14,4,wk inc hosp,2023-11-11,11,quantile,0.2,0
2023-10-14,4,wk inc hosp,2023-11-11,11,quantile,0.25,0
2023-10-14,4,wk inc hosp,2023-11-11,11,quantile,0.3,0
2023-10-14,4,wk inc hosp,2023-11-11,11,quantile,0.35,0
2023-10-14,4,wk inc hosp,2023-11-11,11,quantile,0.4,1
2023-10-14,4,wk inc hosp,2023-11-11,11,quantile,0.45,1.6526755267552673
2023-10-14,4,wk inc hosp,2023-11-11,11,quantile,0.5,2
2023-10-14,4,wk inc hosp,2023-11-11,11,quantile,0.55,3
2023-10-14,4,wk inc hosp,2023-11-11,11,quantile,0.6,4
2023-10-14,4,wk inc hosp,2023-11-11,11,quantile,0.65,5
2023-10-14,4,wk inc hosp,2023-11-11,11,quantile,0.7,6
2023-10-14,4,wk inc hosp,2023-11-11,11,quantile,0.75,7.1550265502655215
2023-10-14,4,wk inc hosp,2023-11-11,11,quantile,0.8,9.326439264392713
2023-10-14,4,wk inc hosp,2023-11-11,11,quantile,0.85,12.186391863918622
2023-10-14,4,wk inc hosp,2023-11-11,11,quantile,0.9,16.58854788547882
2023-10-14,4,wk inc hosp,2023-11-11,11,quantile,0.95,22.633906339063373
2023-10-14,4,wk inc hosp,2023-11-11,11,quantile,0.975,26.682785827858226
2023-10-14,4,wk inc hosp,2023-11-11,11,quantile,0.99,32.55710107101069
2023-10-14,4,wk inc hosp,2023-11-11,12,quantile,0.01,0
2023-10-14,4,wk inc hosp,2023-11-11,12,quantile,0.025,0
2023-10-14,4,wk inc hosp,2023-11-11,12,quantile,0.05,0
2023-10-14,4,wk inc hosp,2023-11-11,12,quantile,0.1,29.668087680876862
2023-10-14,4,wk inc hosp,2023-11-11,12,quantile,0.15,71.0831648316483
2023-10-14,4,wk inc hosp,2023-11-11,12,quantile,0.2,104.32860728607288
2023-10-14,4,wk inc hosp,2023-11-11,12,quantile,0.25,132.23775487754875
2023-10-14,4,wk inc hosp,2023-11-11,12,quantile,0.3,156.779937799378
2023-10-14,4,wk inc hosp,2023-11-11,12,quantile,0.35,177.90137951379512
2023-10-14,4,wk inc hosp,2023-11-11,12,quantile,0.4,196.70058100581008
2023-10-14,4,wk inc hosp,2023-11-11,12,quantile,0.45,213.7116656166561
2023-10-14,4,wk inc hosp,2023-11-11,12,quantile,0.5,230
2023-10-14,4,wk inc hosp,2023-11-11,12,quantile,0.55,246.49771497714977
2023-10-14,4,wk inc hosp,2023-11-11,12,quantile,0.6,263.34314743147434
2023-10-14,4,wk inc hosp,2023-11-11,12,quantile,0.65,281.9446949469494
2023-10-14,4,wk inc hosp,2023-11-11,12,quantile,0.7,302.87148571485704
2023-10-14,4,wk inc hosp,2023-11-11,12,quantile,0.75,327.2455349553496
2023-10-14,4,wk inc hosp,2023-11-11,12,quantile,0.8,355.0958349583497
2023-10-14,4,wk inc hosp,2023-11-11,12,quantile,0.85,388.84981949819485
2023-10-14,4,wk inc hosp,2023-11-11,12,quantile,0.9,431.708786087861
2023-10-14,4,wk inc hosp,2023-11-11,12,quantile,0.95,504.7804168041707
2023-10-14,4,wk inc hosp,2023-11-11,12,quantile,0.975,585.6591673416732
2023-10-14,4,wk inc hosp,2023-11-11,12,quantile,0.99,703.477634276342
2023-10-14,4,wk inc hosp,2023-11-11,13,quantile,0.01,0
2023-10-14,4,wk inc hosp,2023-11-11,13,quantile,0.025,0
2023-10-14,4,wk inc hosp,2023-11-11,13,quantile,0.05,0
2023-10-14,4,wk inc hosp,2023-11-11,13,quantile,0.1,0
2023-10-14,4,wk inc hosp,2023-11-11,13,quantile,0.15,0
2023-10-14,4,wk inc hosp,2023-11-11,13,quantile,0.2,3.7869878698787005
2023-10-14,4,wk inc hosp,2023-11-11,13,quantile,0.25,10.285925359253588
2023-10-14,4,wk inc hosp,2023-11-11,13,quantile,0.3,15.968502685026861
2023-10-14,4,wk inc hosp,2023-11-11,13,quantile,0.35,21.053694536945393
2023-10-14,4,wk inc hosp,2023-11-11,13,quantile,0.4,25.84132041320414
2023-10-14,4,wk inc hosp,2023-11-11,13,quantile,0.45,30.49932799327994
2023-10-14,4,wk inc hosp,2023-11-11,13,quantile,0.5,35
2023-10-14,4,wk inc hosp,2023-11-11,13,quantile,0.55,39.73409434094341
2023-10-14,4,wk inc hosp,2023-11-11,13,quantile,0.6,44.26510465104652
2023-10-14,4,wk inc hosp,2023-11-11,13,quantile,0.65,49.08624086240865
2023-10-14,4,wk inc hosp,2023-11-11,13,quantile,0.7,54.19950699506995
2023-10-14,4,wk inc hosp,2023-11-11,13,quantile,0.75,59.81916319163193
2023-10-14,4,wk inc hosp,2023-11-11,13,quantile,0.8,66.57569175691776
2023-10-14,4,wk inc hosp,2023-11-11,13,quantile,0.85,74.9036755367554
2023-10-14,4,wk inc hosp,2023-11-11,13,quantile,0.9,86.6966439664397
2023-10-14,4,wk inc hosp,2023-11-11,13,quantile,0.95,106.73768787687885
2023-10-14,4,wk inc hosp,2023-11-11,13,quantile,0.975,125.08497959979616
2023-10-14,4,wk inc hosp,2023-11-11,13,quantile,0.99,145.90907549075465
2023-10-14,4,wk inc hosp,2023-11-11,15,quantile,0.01,0
2023-10-14,4,wk inc hosp,2023-11-11,15,quantile,0.025,0
2023-10-14,4,wk inc hosp,2023-11-11,15,quantile,0.05,0
2023-10-14,4,wk inc hosp,2023-11-11,15,quantile,0.1,0.13312433124331502
2023-10-14,4,wk inc hosp,2023-11-11,15,quantile,0.15,2.5565760657606567
2023-10-14,4,wk inc hosp,2023-11-11,15,quantile,0.2,4
2023-10-14,4,wk inc hosp,2023-11-11,15,quantile,0.25,5.285090350903513
2023-10-14,4,wk inc hosp,2023-11-11,15,quantile,0.3,6.48249082490825
2023-10-14,4,wk inc hosp,2023-11-11,15,quantile,0.35,7.385671356713567
2023-10-14,4,wk inc hosp,2023-11-11,15,quantile,0.4,8
2023-10-14,4,wk inc hosp,2023-11-11,15,quantile,0.45,9
2023-10-14,4,wk inc hosp,2023-11-11,15,quantile,0.5,10
2023-10-14,4,wk inc hosp,2023-11-11,15,quantile,0.55,11
2023-10-14,4,wk inc hosp,2023-11-11,15,quantile,0.6,12
2023-10-14,4,wk inc hosp,2023-11-11,15,quantile,0.65,12.753031530315313
2023-10-14,4,wk inc hosp,2023-11-11,15,quantile,0.7,13.619079190791883
2023-10-14,4,wk inc hosp,2023-11-11,15,quantile,0.75,14.847895978959787
2023-10-14,4,wk inc hosp,2023-11-11,15,quantile,0.8,16
2023-10-14,4,wk inc hosp,2023-11-11,15,quantile,0.85,17.737374873748728
2023-10-14,4,wk inc hosp,2023-11-11,15,quantile,0.9,20
2023-10-14,4,wk inc hosp,2023-11-11,15,quantile,0.95,24.21103511035123
2023-10-14,4,wk inc hosp,2023-11-11,15,quantile,0.975,28.27526325263246
2023-10-14,4,wk inc hosp,2023-11-11,15,quantile,0.99,33.050321403214056
2023-10-14,4,wk inc hosp,2023-11-11,16,quantile,0.01,0
2023-10-14,4,wk inc hosp,2023-11-11,16,quantile,0.025,0
2023-10-14,4,wk inc hosp,2023-11-11,16,quantile,0.05,0
2023-10-14,4,wk inc hosp,2023-11-11,16,quantile,0.1,0
2023-10-14,4,wk inc hosp,2023-11-11,16,quantile,0.15,0
2023-10-14,4,wk inc hosp,2023-11-11,16,quantile,0.2,0
2023-10-14,4,wk inc hosp,2023-11-11,16,quantile,0.25,0
2023-10-14,4,wk inc hosp,2023-11-11,16,quantile,0.3,0
2023-10-14,4,wk inc hosp,2023-11-11,16,quantile,0.35,0
2023-10-14,4,wk inc hosp,2023-11-11,16,quantile,0.4,0.8960359603596044
2023-10-14,4,wk inc hosp,2023-11-11,16,quantile,0.45,2.282367823678232
2023-10-14,4,wk inc hosp,2023-11-11,16,quantile,0.5,4
2023-10-14,4,wk inc hosp,2023-11-11,16,quantile,0.55,5.282367823678232
2023-10-14,4,wk inc hosp,2023-11-11,16,quantile,0.6,7.282367823678232
2023-10-14,4,wk inc hosp,2023-11-11,16,quantile,0.65,9.282367823678232
2023-10-14,4,wk inc hosp,2023-11-11,16,quantile,0.7,11.282367823678232
2023-10-14,4,wk inc hosp,2023-11-11,16,quantile,0.75,14.780020300203038
2023-10-14,4,wk inc hosp,2023-11-11,16,quantile,0.8,20.09864998649986
2023-10-14,4,wk inc hosp,2023-11-11,16,quantile,0.85,33.86140161401603
2023-10-14,4,wk inc hosp,2023-11-11,16,quantile,0.9,64.89246092460921
2023-10-14,4,wk inc hosp,2023-11-11,16,quantile,0.95,91.2766567665676
2023-10-14,4,wk inc hosp,2023-11-11,16,quantile,0.975,105.65023900239
2023-10-14,4,wk inc hosp,2023-11-11,16,quantile,0.99,122.1226655266553
2023-10-14,4,wk inc hosp,2023-11-11,17,quantile,0.01,0
2023-10-14,4,wk inc hosp,2023-11-11,17,quantile,0.025,0
2023-10-14,4,wk inc hosp,2023-11-11,17,quantile,0.05,0
2023-10-14,4,wk inc hosp,2023-11-11,17,quantile,0.1,0
2023-10-14,4,wk inc hosp,2023-11-11,17,quantile,0.15,0
2023-10-14,4,wk inc hosp,2023-11-11,17,quantile,0.2,0
2023-10-14,4,wk inc hosp,2023-11-11,17,quantile,0.25,0
2023-10-14,4,wk inc hosp,2023-11-11,17,quantile,0.3,0
2023-10-14,4,wk inc hosp,2023-11-11,17,quantile,0.35,2.092887928879267
2023-10-14,4,wk inc hosp,2023-11-11,17,quantile,0.4,8.66962669626696
2023-10-14,4,wk inc hosp,2023-11-11,17,quantile,0.45,14.890808408084087
2023-10-14,4,wk inc hosp,2023-11-11,17,quantile,0.5,21
2023-10-14,4,wk inc hosp,2023-11-11,17,quantile,0.55,27.1410914109141
2023-10-14,4,wk inc hosp,2023-11-11,17,quantile,0.6,34.1410914109141
2023-10-14,4,wk inc hosp,2023-11-11,17,quantile,0.65,42.51935069350695
2023-10-14,4,wk inc hosp,2023-11-11,17,quantile,0.7,53.396296962969615
2023-10-14,4,wk inc hosp,2023-11-11,17,quantile,0.75,70.81219062190621
2023-10-14,4,wk inc hosp,2023-11-11,17,quantile,0.8,102.65491854918561
2023-10-14,4,wk inc hosp,2023-11-11,17,quantile,0.85,144.99744197441902
2023-10-14,4,wk inc hosp,2023-11-11,17,quantile,0.9,195.6303033030333
2023-10-14,4,wk inc hosp,2023-11-11,17,quantile,0.95,287.1958194581945
2023-10-14,4,wk inc hosp,2023-11-11,17,quantile,0.975,358.5479252292522
2023-10-14,4,wk inc hosp,2023-11-11,17,quantile,0.99,446.95821178211753
2023-10-14,4,wk inc hosp,2023-11-11,18,quantile,0.01,0
2023-10-14,4,wk inc hosp,2023-11-11,18,quantile,0.025,0
2023-10-14,4,wk inc hosp,2023-11-11,18,quantile,0.05,0
2023-10-14,4,wk inc hosp,2023-11-11,18,quantile,0.1,0
2023-10-14,4,wk inc hosp,2023-11-11,18,quantile,0.15,0
2023-10-14,4,wk inc hosp,2023-11-11,18,quantile,0.2,0
2023-10-14,4,wk inc hosp,2023-11-11,18,quantile,0.25,0
2023-10-14,4,wk inc hosp,2023-11-11,18,quantile,0.3,0
2023-10-14,4,wk inc hosp,2023-11-11,18,quantile,0.35,0
2023-10-14,4,wk inc hosp,2023-11-11,18,quantile,0.4,0
2023-10-14,4,wk inc hosp,2023-11-11,18,quantile,0.45,2.909314093140928
2023-10-14,4,wk inc hosp,2023-11-11,18,quantile,0.5,8
2023-10-14,4,wk inc hosp,2023-11-11,18,quantile,0.55,13.421650716507168
2023-10-14,4,wk inc hosp,2023-11-11,18,quantile,0.6,19.09632396323967
2023-10-14,4,wk inc hosp,2023-11-11,18,quantile,0.65,25.909314093140928
2023-10-14,4,wk inc hosp,2023-11-11,18,quantile,0.7,34.252457524575206
2023-10-14,4,wk inc hosp,2023-11-11,18,quantile,0.75,44.90931409314093
2023-10-14,4,wk inc hosp,2023-11-11,18,quantile,0.8,59.71055810558096
2023-10-14,4,wk inc hosp,2023-11-11,18,quantile,0.85,83.40044550445518
2023-10-14,4,wk inc hosp,2023-11-11,18,quantile,0.9,147.65552255522428
2023-10-14,4,wk inc hosp,2023-11-11,18,quantile,0.95,216.67093420934205
2023-10-14,4,wk inc hosp,2023-11-11,18,quantile,0.975,269.68277732777307
2023-10-14,4,wk inc hosp,2023-11-11,18,quantile,0.99,350.0695868958667
2023-10-14,4,wk inc hosp,2023-11-11,19,quantile,0.01,0
2023-10-14,4,wk inc hosp,2023-11-11,19,quantile,0.025,0
2023-10-14,4,wk inc hosp,2023-11-11,19,quantile,0.05,0
2023-10-14,4,wk inc hosp,2023-11-11,19,quantile,0.1,0
2023-10-14,4,wk inc hosp,2023-11-11,19,quantile,0.15,0
2023-10-14,4,wk inc hosp,2023-11-11,19,quantile,0.2,0
2023-10-14,4,wk inc hosp,2023-11-11,19,quantile,0.25,0
2023-10-14,4,wk inc hosp,2023-11-11,19,quantile,0.3,0
2023-10-14,4,wk inc hosp,2023-11-11,19,quantile,0.35,0
2023-10-14,4,wk inc hosp,2023-11-11,19,quantile,0.4,0
2023-10-14,4,wk inc hosp,2023-11-11,19,quantile,0.45,1
2023-10-14,4,wk inc hosp,2023-11-11,19,quantile,0.5,3
2023-10-14,4,wk inc hosp,2023-11-11,19,quantile,0.55,5
2023-10-14,4,wk inc hosp,2023-11-11,19,quantile,0.6,6.929987299872999
2023-10-14,4,wk inc hosp,2023-11-11,19,quantile,0.65,9
2023-10-14,4,wk inc hosp,2023-11-11,19,quantile,0.7,11.440092400924001
2023-10-14,4,wk inc hosp,2023-11-11,19,quantile,0.75,15
2023-10-14,4,wk inc hosp,2023-11-11,19,quantile,0.8,21.358785587855905
2023-10-14,4,wk inc hosp,2023-11-11,19,quantile,0.85,34.35998859988604
2023-10-14,4,wk inc hosp,2023-11-11,19,quantile,0.9,65.46276862768633
2023-10-14,4,wk inc hosp,2023-11-11,19,quantile,0.95,104.30070250702504
2023-10-14,4,wk inc hosp,2023-11-11,19,quantile,0.975,116.69407569075707
2023-10-14,4,wk inc hosp,2023-11-11,19,quantile,0.99,135.42163361633612
2023-10-14,4,wk inc hosp,2023-11-11,20,quantile,0.01,0
2023-10-14,4,wk inc hosp,2023-11-11,20,quantile,0.025,0
2023-10-14,4,wk inc hosp,2023-11-11,20,quantile,0.05,0
2023-10-14,4,wk inc hosp,2023-11-11,20,quantile,0.1,0
2023-10-14,4,wk inc hosp,2023-11-11,20,quantile,0.15,0
2023-10-14,4,wk inc hosp,2023-11-11,20,quantile,0.2,0
2023-10-14,4,wk inc hosp,2023-11-11,20,quantile,0.25,0.2710352103520979
2023-10-14,4,wk inc hosp,2023-11-11,20,quantile,0.3,3.8835938359383544
2023-10-14,4,wk inc hosp,2023-11-11,20,quantile,0.35,6.883593835938354
2023-10-14,4,wk inc hosp,2023-11-11,20,quantile,0.4,9.883593835938354
2023-10-14,4,wk inc hosp,2023-11-11,20,quantile,0.45,12.739478894788842
2023-10-14,4,wk inc hosp,2023-11-11,20,quantile,0.5,15
2023-10-14,4,wk inc hosp,2023-11-11,20,quantile,0.55,17.883593835938356
2023-10-14,4,wk inc hosp,2023-11-11,20,quantile,0.6,20.651451514515145
2023-10-14,4,wk inc hosp,2023-11-11,20,quantile,0.65,23.687470374703743
2023-10-14,4,wk inc hosp,2023-11-11,20,quantile,0.7,26.930825308253077
2023-10-14,4,wk inc hosp,2023-11-11,20,quantile,0.75,31.05073050730506
2023-10-14,4,wk inc hosp,2023-11-11,20,quantile,0.8,36.34401844018443
2023-10-14,4,wk inc hosp,2023-11-11,20,quantile,0.85,44.75090500905007
2023-10-14,4,wk inc hosp,2023-11-11,20,quantile,0.9,61.28800488004884
2023-10-14,4,wk inc hosp,2023-11-11,20,quantile,0.95,89.85665306653036
2023-10-14,4,wk inc hosp,2023-11-11,20,quantile,0.975,117.29839148391446
2023-10-14,4,wk inc hosp,2023-11-11,20,quantile,0.99,148.79660266602733
2023-10-14,4,wk inc hosp,2023-11-11,21,quantile,0.01,0
2023-10-14,4,wk inc hosp,2023-11-11,21,quantile,0.025,0
2023-10-14,4,wk inc hosp,2023-11-11,21,quantile,0.05,0
2023-10-14,4,wk inc hosp,2023-11-11,21,quantile,0.1,0
2023-10-14,4,wk inc hosp,2023-11-11,21,quantile,0.15,0
2023-10-14,4,wk inc hosp,2023-11-11,21,quantile,0.2,0
2023-10-14,4,wk inc hosp,2023-11-11,21,quantile,0.25,0
2023-10-14,4,wk inc hosp,2023-11-11,21,quantile,0.3,0
2023-10-14,4,wk inc hosp,2023-11-11,21,quantile,0.35,0
2023-10-14,4,wk inc hosp,2023-11-11,21,quantile,0.4,3.1986219862198766
2023-10-14,4,wk inc hosp,2023-11-11,21,quantile,0.45,7.3691191911919045
2023-10-14,4,wk inc hosp,2023-11-11,21,quantile,0.5,12
2023-10-14,4,wk inc hosp,2023-11-11,21,quantile,0.55,16.359337093370883
2023-10-14,4,wk inc hosp,2023-11-11,21,quantile,0.6,21.530765307653056
2023-10-14,4,wk inc hosp,2023-11-11,21,quantile,0.65,27.393085930859314
2023-10-14,4,wk inc hosp,2023-11-11,21,quantile,0.7,35.446458464584595
2023-10-14,4,wk inc hosp,2023-11-11,21,quantile,0.75,47.528475284752616
2023-10-14,4,wk inc hosp,2023-11-11,21,quantile,0.8,66.17042970429705
2023-10-14,4,wk inc hosp,2023-11-11,21,quantile,0.85,95.28772587725867
2023-10-14,4,wk inc hosp,2023-11-11,21,quantile,0.9,144.69653296532934
2023-10-14,4,wk inc hosp,2023-11-11,21,quantile,0.95,235.19059240592384
2023-10-14,4,wk inc hosp,2023-11-11,21,quantile,0.975,296.0957634576331
2023-10-14,4,wk inc hosp,2023-11-11,21,quantile,0.99,344.66835078350744
2023-10-14,4,wk inc hosp,2023-11-11,22,quantile,0.01,0
2023-10-14,4,wk inc hosp,2023-11-11,22,quantile,0.025,0
2023-10-14,4,wk inc hosp,2023-11-11,22,quantile,0.05,0
2023-10-14,4,wk inc hosp,2023-11-11,22,quantile,0.1,0
2023-10-14,4,wk inc hosp,2023-11-11,22,quantile,0.15,0
2023-10-14,4,wk inc hosp,2023-11-11,22,quantile,0.2,0
2023-10-14,4,wk inc hosp,2023-11-11,22,quantile,0.25,0
2023-10-14,4,wk inc hosp,2023-11-11,22,quantile,0.3,3.714833148331489
2023-10-14,4,wk inc hosp,2023-11-11,22,quantile,0.35,7.988835888358876
2023-10-14,4,wk inc hosp,2023-11-11,22,quantile,0.4,11.716304163041631
2023-10-14,4,wk inc hosp,2023-11-11,22,quantile,0.45,15.388448884488845
2023-10-14,4,wk inc hosp,2023-11-11,22,quantile,0.5,19
2023-10-14,4,wk inc hosp,2023-11-11,22,quantile,0.55,22.461513615136155
2023-10-14,4,wk inc hosp,2023-11-11,22,quantile,0.6,26.388448884488845
2023-10-14,4,wk inc hosp,2023-11-11,22,quantile,0.65,30.383035830358303
2023-10-14,4,wk inc hosp,2023-11-11,22,quantile,0.7,34.49253592535925
2023-10-14,4,wk inc hosp,2023-11-11,22,quantile,0.75,39.81650816508164
2023-10-14,4,wk inc hosp,2023-11-11,22,quantile,0.8,46.388448884488845
2023-10-14,4,wk inc hosp,2023-11-11,22,quantile,0.85,55.61830268302677
2023-10-14,4,wk inc hosp,2023-11-11,22,quantile,0.9,72.04733747337443
2023-10-14,4,wk inc hosp,2023-11-11,22,quantile,0.95,101.78862838628307
2023-10-14,4,wk inc hosp,2023-11-11,22,quantile,0.975,124.0545900459005
2023-10-14,4,wk inc hosp,2023-11-11,22,quantile,0.99,151.01156721567202
2023-10-14,4,wk inc hosp,2023-11-11,23,quantile,0.01,0
2023-10-14,4,wk inc hosp,2023-11-11,23,quantile,0.025,0
2023-10-14,4,wk inc hosp,2023-11-11,23,quantile,0.05,0
2023-10-14,4,wk inc hosp,2023-11-11,23,quantile,0.1,0
2023-10-14,4,wk inc hosp,2023-11-11,23,quantile,0.15,0
2023-10-14,4,wk inc hosp,2023-11-11,23,quantile,0.2,0
2023-10-14,4,wk inc hosp,2023-11-11,23,quantile,0.25,0
2023-10-14,4,wk inc hosp,2023-11-11,23,quantile,0.3,0
2023-10-14,4,wk inc hosp,2023-11-11,23,quantile,0.35,0.6559465594655833
2023-10-14,4,wk inc hosp,2023-11-11,23,quantile,0.4,2.022496224962223
2023-10-14,4,wk inc hosp,2023-11-11,23,quantile,0.45,3.6559465594655833
2023-10-14,4,wk inc hosp,2023-11-11,23,quantile,0.5,5
2023-10-14,4,wk inc hosp,2023-11-11,23,quantile,0.55,6.655946559465583
2023-10-14,4,wk inc hosp,2023-11-11,23,quantile,0.6,8.642342423424212
2023-10-14,4,wk inc hosp,2023-11-11,23,quantile,0.65,10.562796127961274
2023-10-14,4,wk inc hosp,2023-11-11,23,quantile,0.7,12.772599725997225
2023-10-14,4,wk inc hosp,2023-11-11,23,quantile,0.75,17.423536735367314
2023-10-14,4,wk inc hosp,2023-11-11,23,quantile,0.8,23.388177881778816
2023-10-14,4,wk inc hosp,2023-11-11,23,quantile,0.85,29.96687516875169
2023-10-14,4,wk inc hosp,2023-11-11,23,quantile,0.9,42.1317443174432
2023-10-14,4,wk inc hosp,2023-11-11,23,quantile,0.95,68.55963809638095
2023-10-14,4,wk inc hosp,2023-11-11,23,quantile,0.975,76.4832903329033
2023-10-14,4,wk inc hosp,2023-11-11,23,quantile,0.99,92.77527835278335
2023-10-14,4,wk inc hosp,2023-11-11,24,quantile,0.01,0
2023-10-14,4,wk inc hosp,2023-11-11,24,quantile,0.025,0
2023-10-14,4,wk inc hosp,2023-11-11,24,quantile,0.05,0
2023-10-14,4,wk inc hosp,2023-11-11,24,quantile,0.1,0
2023-10-14,4,wk inc hosp,2023-11-11,24,quantile,0.15,0
2023-10-14,4,wk inc hosp,2023-11-11,24,quantile,0.2,0
2023-10-14,4,wk inc hosp,2023-11-11,24,quantile,0.25,0
2023-10-14,4,wk inc hosp,2023-11-11,24,quantile,0.3,0
2023-10-14,4,wk inc hosp,2023-11-11,24,quantile,0.35,0
2023-10-14,4,wk inc hosp,2023-11-11,24,quantile,0.4,0
2023-10-14,4,wk inc hosp,2023-11-11,24,quantile,0.45,0
2023-10-14,4,wk inc hosp,2023-11-11,24,quantile,0.5,3
2023-10-14,4,wk inc hosp,2023-11-11,24,quantile,0.55,6.311358613586135
2023-10-14,4,wk inc hosp,2023-11-11,24,quantile,0.6,10.04527845278453
2023-10-14,4,wk inc hosp,2023-11-11,24,quantile,0.65,14.59261792617926
2023-10-14,4,wk inc hosp,2023-11-11,24,quantile,0.7,19.754825548255468
2023-10-14,4,wk inc hosp,2023-11-11,24,quantile,0.75,26.69318943189439
2023-10-14,4,wk inc hosp,2023-11-11,24,quantile,0.8,36.94515745157478
2023-10-14,4,wk inc hosp,2023-11-11,24,quantile,0.85,52.14840248402475
2023-10-14,4,wk inc hosp,2023-11-11,24,quantile,0.9,68.14618946189465
2023-10-14,4,wk inc hosp,2023-11-11,24,quantile,0.95,91.2097235972359
2023-10-14,4,wk inc hosp,2023-11-11,24,quantile,0.975,110.6370793707936
2023-10-14,4,wk inc hosp,2023-11-11,24,quantile,0.99,136.3609309093089
2023-10-14,4,wk inc hosp,2023-11-11,25,quantile,0.01,0
2023-10-14,4,wk inc hosp,2023-11-11,25,quantile,0.025,0
2023-10-14,4,wk inc hosp,2023-11-11,25,quantile,0.05,0
2023-10-14,4,wk inc hosp,2023-11-11,25,quantile,0.1,0
2023-10-14,4,wk inc hosp,2023-11-11,25,quantile,0.15,0
2023-10-14,4,wk inc hosp,2023-11-11,25,quantile,0.2,0
2023-10-14,4,wk inc hosp,2023-11-11,25,quantile,0.25,0
2023-10-14,4,wk inc hosp,2023-11-11,25,quantile,0.3,0
2023-10-14,4,wk inc hosp,2023-11-11,25,quantile,0.35,0
2023-10-14,4,wk inc hosp,2023-11-11,25,quantile,0.4,4.1370713707136915
2023-10-14,4,wk inc hosp,2023-11-11,25,quantile,0.45,9.137071370713691
2023-10-14,4,wk inc hosp,2023-11-11,25,quantile,0.5,14
2023-10-14,4,wk inc hosp,2023-11-11,25,quantile,0.55,18.95482654826551
2023-10-14,4,wk inc hosp,2023-11-11,25,quantile,0.6,24.324279242792407
2023-10-14,4,wk inc hosp,2023-11-11,25,quantile,0.65,31.13707137071369
2023-10-14,4,wk inc hosp,2023-11-11,25,quantile,0.7,40.051878518785095
2023-10-14,4,wk inc hosp,2023-11-11,25,quantile,0.75,52.69377943779439
2023-10-14,4,wk inc hosp,2023-11-11,25,quantile,0.8,70.69818298182989
2023-10-14,4,wk inc hosp,2023-11-11,25,quantile,0.85,101.54618446184452
2023-10-14,4,wk inc hosp,2023-11-11,25,quantile,0.9,143.8817768177685
2023-10-14,4,wk inc hosp,2023-11-11,25,quantile,0.95,226.15846508464998
2023-10-14,4,wk inc hosp,2023-11-11,25,quantile,0.975,266.357264822648
2023-10-14,4,wk inc hosp,2023-11-11,25,quantile,0.99,313.80890238902464
2023-10-14,4,wk inc hosp,2023-11-11,26,quantile,0.01,0
2023-10-14,4,wk inc hosp,2023-11-11,26,quantile,0.025,0
2023-10-14,4,wk inc hosp,2023-11-11,26,quantile,0.05,0
2023-10-14,4,wk inc hosp,2023-11-11,26,quantile,0.1,0
2023-10-14,4,wk inc hosp,2023-11-11,26,quantile,0.15,0
2023-10-14,4,wk inc hosp,2023-11-11,26,quantile,0.2,0
2023-10-14,4,wk inc hosp,2023-11-11,26,quantile,0.25,0
2023-10-14,4,wk inc hosp,2023-11-11,26,quantile,0.3,0
2023-10-14,4,wk inc hosp,2023-11-11,26,quantile,0.35,0
2023-10-14,4,wk inc hosp,2023-11-11,26,quantile,0.4,4.832913329133291
2023-10-14,4,wk inc hosp,2023-11-11,26,quantile,0.45,10.887904879048785
2023-10-14,4,wk inc hosp,2023-11-11,26,quantile,0.5,17
2023-10-14,4,wk inc hosp,2023-11-11,26,quantile,0.55,23.343170431704323
2023-10-14,4,wk inc hosp,2023-11-11,26,quantile,0.6,30.214399143991415
2023-10-14,4,wk inc hosp,2023-11-11,26,quantile,0.65,38.415292152921566
2023-10-14,4,wk inc hosp,2023-11-11,26,quantile,0.7,48.17426174261738
2023-10-14,4,wk inc hosp,2023-11-11,26,quantile,0.75,61.71285712857129
2023-10-14,4,wk inc hosp,2023-11-11,26,quantile,0.8,87.1961389613897
2023-10-14,4,wk inc hosp,2023-11-11,26,quantile,0.85,136.04955049550514
2023-10-14,4,wk inc hosp,2023-11-11,26,quantile,0.9,194.81703917039198
2023-10-14,4,wk inc hosp,2023-11-11,26,quantile,0.95,317.4067505675061
2023-10-14,4,wk inc hosp,2023-11-11,26,quantile,0.975,408.1707572075718
2023-10-14,4,wk inc hosp,2023-11-11,26,quantile,0.99,462.3953797537982
2023-10-14,4,wk inc hosp,2023-11-11,27,quantile,0.01,0
2023-10-14,4,wk inc hosp,2023-11-11,27,quantile,0.025,0
2023-10-14,4,wk inc hosp,2023-11-11,27,quantile,0.05,0
2023-10-14,4,wk inc hosp,2023-11-11,27,quantile,0.1,0
2023-10-14,4,wk inc hosp,2023-11-11,27,quantile,0.15,0
2023-10-14,4,wk inc hosp,2023-11-11,27,quantile,0.2,0
2023-10-14,4,wk inc hosp,2023-11-11,27,quantile,0.25,0
2023-10-14,4,wk inc hosp,2023-11-11,27,quantile,0.3,0
2023-10-14,4,wk inc hosp,2023-11-11,27,quantile,0.35,0
2023-10-14,4,wk inc hosp,2023-11-11,27,quantile,0.4,0
2023-10-14,4,wk inc hosp,2023-11-11,27,quantile,0.45,0
2023-10-14,4,wk inc hosp,2023-11-11,27,quantile,0.5,3
2023-10-14,4,wk inc hosp,2023-11-11,27,quantile,0.55,6.398633986339892
2023-10-14,4,wk inc hosp,2023-11-11,27,quantile,0.6,10.18871388713889
2023-10-14,4,wk inc hosp,2023-11-11,27,quantile,0.65,14.398633986339892
2023-10-14,4,wk inc hosp,2023-11-11,27,quantile,0.7,20.398633986339892
2023-10-14,4,wk inc hosp,2023-11-11,27,quantile,0.75,28.686569365693693
2023-10-14,4,wk inc hosp,2023-11-11,27,quantile,0.8,41.548277482775
2023-10-14,4,wk inc hosp,2023-11-11,27,quantile,0.85,62.46987919879196
2023-10-14,4,wk inc hosp,2023-11-11,27,quantile,0.9,85.30157101571014
2023-10-14,4,wk inc hosp,2023-11-11,27,quantile,0.95,107.07220222202224
2023-10-14,4,wk inc hosp,2023-11-11,27,quantile,0.975,128.87856378563782
2023-10-14,4,wk inc hosp,2023-11-11,27,quantile,0.99,164.60066830668268
2023-10-14,4,wk inc hosp,2023-11-11,28,quantile,0.01,0
2023-10-14,4,wk inc hosp,2023-11-11,28,quantile,0.025,0
2023-10-14,4,wk inc hosp,2023-11-11,28,quantile,0.05,0
2023-10-14,4,wk inc hosp,2023-11-11,28,quantile,0.1,0
2023-10-14,4,wk inc hosp,2023-11-11,28,quantile,0.15,0
2023-10-14,4,wk inc hosp,2023-11-11,28,quantile,0.2,1.9404574045740552
2023-10-14,4,wk inc hosp,2023-11-11,28,quantile,0.25,7.851028510285108
2023-10-14,4,wk inc hosp,2023-11-11,28,quantile,0.3,12.82584325843259
2023-10-14,4,wk inc hosp,2023-11-11,28,quantile,0.35,17.13808038080382
2023-10-14,4,wk inc hosp,2023-11-11,28,quantile,0.4,21.308617086170862
2023-10-14,4,wk inc hosp,2023-11-11,28,quantile,0.45,25.096440464404647
2023-10-14,4,wk inc hosp,2023-11-11,28,quantile,0.5,29
2023-10-14,4,wk inc hosp,2023-11-11,28,quantile,0.55,32.883830338303355
2023-10-14,4,wk inc hosp,2023-11-11,28,quantile,0.6,36.89511495114947
2023-10-14,4,wk inc hosp,2023-11-11,28,quantile,0.65,41.09673446734468
2023-10-14,4,wk inc hosp,2023-11-11,28,quantile,0.7,45.844866448664476
2023-10-14,4,wk inc hosp,2023-11-11,28,quantile,0.75,50.851028510285104
2023-10-14,4,wk inc hosp,2023-11-11,28,quantile,0.8,56.86325663256635
2023-10-14,4,wk inc hosp,2023-11-11,28,quantile,0.85,64.90789057890544
2023-10-14,4,wk inc hosp,2023-11-11,28,quantile,0.9,76.8510285102851
2023-10-14,4,wk inc hosp,2023-11-11,28,quantile,0.95,99.63818838188394
2023-10-14,4,wk inc hosp,2023-11-11,28,quantile,0.975,122.17634201342018
2023-10-14,4,wk inc hosp,2023-11-11,28,quantile,0.99,145.0942837428372
2023-10-14,4,wk inc hosp,2023-11-11,29,quantile,0.01,0
2023-10-14,4,wk inc hosp,2023-11-11,29,quantile,0.025,0
2023-10-14,4,wk inc hosp,2023-11-11,29,quantile,0.05,0
2023-10-14,4,wk inc hosp,2023-11-11,29,quantile,0.1,0
2023-10-14,4,wk inc hosp,2023-11-11,29,quantile,0.15,0
2023-10-14,4,wk inc hosp,2023-11-11,29,quantile,0.2,0
2023-10-14,4,wk inc hosp,2023-11-11,29,quantile,0.25,0
2023-10-14,4,wk inc hosp,2023-11-11,29,quantile,0.3,1.0048750487504847
2023-10-14,4,wk inc hosp,2023-11-11,29,quantile,0.35,7.618585185852099
2023-10-14,4,wk inc hosp,2023-11-11,29,quantile,0.4,13.399760997609981
2023-10-14,4,wk inc hosp,2023-11-11,29,quantile,0.45,18.783471334713376
2023-10-14,4,wk inc hosp,2023-11-11,29,quantile,0.5,24
2023-10-14,4,wk inc hosp,2023-11-11,29,quantile,0.55,29.00844108441084
2023-10-14,4,wk inc hosp,2023-11-11,29,quantile,0.6,34.72728427284271
2023-10-14,4,wk inc hosp,2023-11-11,29,quantile,0.65,41.09581995819961
2023-10-14,4,wk inc hosp,2023-11-11,29,quantile,0.7,49.02997829978295
2023-10-14,4,wk inc hosp,2023-11-11,29,quantile,0.75,60.00286502865024
2023-10-14,4,wk inc hosp,2023-11-11,29,quantile,0.8,77.1853328533285
2023-10-14,4,wk inc hosp,2023-11-11,29,quantile,0.85,105.60832708327094
2023-10-14,4,wk inc hosp,2023-11-11,29,quantile,0.9,182.49281392813964
2023-10-14,4,wk inc hosp,2023-11-11,29,quantile,0.95,272.39936649366365
2023-10-14,4,wk inc hosp,2023-11-11,29,quantile,0.975,337.37287147871547
2023-10-14,4,wk inc hosp,2023-11-11,29,quantile,0.99,389.8311749117483
2023-10-14,4,wk inc hosp,2023-11-11,30,quantile,0.01,0
2023-10-14,4,wk inc hosp,2023-11-11,30,quantile,0.025,0
2023-10-14,4,wk inc hosp,2023-11-11,30,quantile,0.05,0
2023-10-14,4,wk inc hosp,2023-11-11,30,quantile,0.1,0
2023-10-14,4,wk inc hosp,2023-11-11,30,quantile,0.15,0
2023-10-14,4,wk inc hosp,2023-11-11,30,quantile,0.2,0
2023-10-14,4,wk inc hosp,2023-11-11,30,quantile,0.25,0
2023-10-14,4,wk inc hosp,2023-11-11,30,quantile,0.3,0
2023-10-14,4,wk inc hosp,2023-11-11,30,quantile,0.35,0
2023-10-14,4,wk inc hosp,2023-11-11,30,quantile,0.4,0
2023-10-14,4,wk inc hosp,2023-11-11,30,quantile,0.45,0
2023-10-14,4,wk inc hosp,2023-11-11,30,quantile,0.5,4.7500475012896004e-5
2023-10-14,4,wk inc hosp,2023-11-11,30,quantile,0.55,1.0143351433514312
2023-10-14,4,wk inc hosp,2023-11-11,30,quantile,0.6,3.014335143351431
2023-10-14,4,wk inc hosp,2023-11-11,30,quantile,0.65,4.897981479814769
2023-10-14,4,wk inc hosp,2023-11-11,30,quantile,0.7,7.014335143351431
2023-10-14,4,wk inc hosp,2023-11-11,30,quantile,0.75,10.170686706867102
2023-10-14,4,wk inc hosp,2023-11-11,30,quantile,0.8,15.014335143351431
2023-10-14,4,wk inc hosp,2023-11-11,30,quantile,0.85,20.216423664236643
2023-10-14,4,wk inc hosp,2023-11-11,30,quantile,0.9,27.01433514335143
2023-10-14,4,wk inc hosp,2023-11-11,30,quantile,0.95,35.2383548835488
2023-10-14,4,wk inc hosp,2023-11-11,30,quantile,0.975,42.7106576065761
2023-10-14,4,wk inc hosp,2023-11-11,30,quantile,0.99,54.09864588645879
2023-10-14,4,wk inc hosp,2023-11-11,31,quantile,0.01,0
2023-10-14,4,wk inc hosp,2023-11-11,31,quantile,0.025,0
2023-10-14,4,wk inc hosp,2023-11-11,31,quantile,0.05,0
2023-10-14,4,wk inc hosp,2023-11-11,31,quantile,0.1,0
2023-10-14,4,wk inc hosp,2023-11-11,31,quantile,0.15,0
2023-10-14,4,wk inc hosp,2023-11-11,31,quantile,0.2,0
2023-10-14,4,wk inc hosp,2023-11-11,31,quantile,0.25,0
2023-10-14,4,wk inc hosp,2023-11-11,31,quantile,0.3,0
2023-10-14,4,wk inc hosp,2023-11-11,31,quantile,0.35,0
2023-10-14,4,wk inc hosp,2023-11-11,31,quantile,0.4,0.17762377623776773
2023-10-14,4,wk inc hosp,2023-11-11,31,quantile,0.45,2.792627926279266
2023-10-14,4,wk inc hosp,2023-11-11,31,quantile,0.5,5
2023-10-14,4,wk inc hosp,2023-11-11,31,quantile,0.55,7.7810578105781065
2023-10-14,4,wk inc hosp,2023-11-11,31,quantile,0.6,10.072034720347247
2023-10-14,4,wk inc hosp,2023-11-11,31,quantile,0.65,12.820409704097044
2023-10-14,4,wk inc hosp,2023-11-11,31,quantile,0.7,16.228887288872905
2023-10-14,4,wk inc hosp,2023-11-11,31,quantile,0.75,20.004660046600478
2023-10-14,4,wk inc hosp,2023-11-11,31,quantile,0.8,24.804314043140444
2023-10-14,4,wk inc hosp,2023-11-11,31,quantile,0.85,31.171722217222158
2023-10-14,4,wk inc hosp,2023-11-11,31,quantile,0.9,39.39661996619968
2023-10-14,4,wk inc hosp,2023-11-11,31,quantile,0.95,50.34806348063482
2023-10-14,4,wk inc hosp,2023-11-11,31,quantile,0.975,59.82101796017953
2023-10-14,4,wk inc hosp,2023-11-11,31,quantile,0.99,73.43898658986586
2023-10-14,4,wk inc hosp,2023-11-11,32,quantile,0.01,0
2023-10-14,4,wk inc hosp,2023-11-11,32,quantile,0.025,0
2023-10-14,4,wk inc hosp,2023-11-11,32,quantile,0.05,0
2023-10-14,4,wk inc hosp,2023-11-11,32,quantile,0.1,0
2023-10-14,4,wk inc hosp,2023-11-11,32,quantile,0.15,0
2023-10-14,4,wk inc hosp,2023-11-11,32,quantile,0.2,0
2023-10-14,4,wk inc hosp,2023-11-11,32,quantile,0.25,0
2023-10-14,4,wk inc hosp,2023-11-11,32,quantile,0.3,0
2023-10-14,4,wk inc hosp,2023-11-11,32,quantile,0.35,0
2023-10-14,4,wk inc hosp,2023-11-11,32,quantile,0.4,0
2023-10-14,4,wk inc hosp,2023-11-11,32,quantile,0.45,1.934519345193452
2023-10-14,4,wk inc hosp,2023-11-11,32,quantile,0.5,5
2023-10-14,4,wk inc hosp,2023-11-11,32,quantile,0.55,8.956574565745647
2023-10-14,4,wk inc hosp,2023-11-11,32,quantile,0.6,12.956574565745647
2023-10-14,4,wk inc hosp,2023-11-11,32,quantile,0.65,17.565330153301545
2023-10-14,4,wk inc hosp,2023-11-11,32,quantile,0.7,23.099274992749876
2023-10-14,4,wk inc hosp,2023-11-11,32,quantile,0.75,29.872663726637242
2023-10-14,4,wk inc hosp,2023-11-11,32,quantile,0.8,38.95657456574565
2023-10-14,4,wk inc hosp,2023-11-11,32,quantile,0.85,52.39150541505407
2023-10-14,4,wk inc hosp,2023-11-11,32,quantile,0.9,71.82681726817266
2023-10-14,4,wk inc hosp,2023-11-11,32,quantile,0.95,104.93133931339317
2023-10-14,4,wk inc hosp,2023-11-11,32,quantile,0.975,135.55920334203316
2023-10-14,4,wk inc hosp,2023-11-11,32,quantile,0.99,167.586920769207
2023-10-14,4,wk inc hosp,2023-11-11,33,quantile,0.01,0
2023-10-14,4,wk inc hosp,2023-11-11,33,quantile,0.025,0
2023-10-14,4,wk inc hosp,2023-11-11,33,quantile,0.05,0
2023-10-14,4,wk inc hosp,2023-11-11,33,quantile,0.1,0
2023-10-14,4,wk inc hosp,2023-11-11,33,quantile,0.15,0
2023-10-14,4,wk inc hosp,2023-11-11,33,quantile,0.2,0
2023-10-14,4,wk inc hosp,2023-11-11,33,quantile,0.25,0
2023-10-14,4,wk inc hosp,2023-11-11,33,quantile,0.3,0
2023-10-14,4,wk inc hosp,2023-11-11,33,quantile,0.35,0
2023-10-14,4,wk inc hosp,2023-11-11,33,quantile,0.4,0
2023-10-14,4,wk inc hosp,2023-11-11,33,quantile,0.45,0.5401509015090149
2023-10-14,4,wk inc hosp,2023-11-11,33,quantile,0.5,2
2023-10-14,4,wk inc hosp,2023-11-11,33,quantile,0.55,3
2023-10-14,4,wk inc hosp,2023-11-11,33,quantile,0.6,4.627620276202769
2023-10-14,4,wk inc hosp,2023-11-11,33,quantile,0.65,6
2023-10-14,4,wk inc hosp,2023-11-11,33,quantile,0.7,8
2023-10-14,4,wk inc hosp,2023-11-11,33,quantile,0.75,10.390038900389008
2023-10-14,4,wk inc hosp,2023-11-11,33,quantile,0.8,14
2023-10-14,4,wk inc hosp,2023-11-11,33,quantile,0.85,20
2023-10-14,4,wk inc hosp,2023-11-11,33,quantile,0.9,27.975353753537554
2023-10-14,4,wk inc hosp,2023-11-11,33,quantile,0.95,37.8465384653847
2023-10-14,4,wk inc hosp,2023-11-11,33,quantile,0.975,47.4074228242284
2023-10-14,4,wk inc hosp,2023-11-11,33,quantile,0.99,59.702959829598235
2023-10-14,4,wk inc hosp,2023-11-11,34,quantile,0.01,0
2023-10-14,4,wk inc hosp,2023-11-11,34,quantile,0.025,0
2023-10-14,4,wk inc hosp,2023-11-11,34,quantile,0.05,0
2023-10-14,4,wk inc hosp,2023-11-11,34,quantile,0.1,0
2023-10-14,4,wk inc hosp,2023-11-11,34,quantile,0.15,0
2023-10-14,4,wk inc hosp,2023-11-11,34,quantile,0.2,0
2023-10-14,4,wk inc hosp,2023-11-11,34,quantile,0.25,0
2023-10-14,4,wk inc hosp,2023-11-11,34,quantile,0.3,0
2023-10-14,4,wk inc hosp,2023-11-11,34,quantile,0.35,0
2023-10-14,4,wk inc hosp,2023-11-11,34,quantile,0.4,5.419639196391964
2023-10-14,4,wk inc hosp,2023-11-11,34,quantile,0.45,11.42364023640237
2023-10-14,4,wk inc hosp,2023-11-11,34,quantile,0.5,17
2023-10-14,4,wk inc hosp,2023-11-11,34,quantile,0.55,22.976904769047692
2023-10-14,4,wk inc hosp,2023-11-11,34,quantile,0.6,29.450969509695078
2023-10-14,4,wk inc hosp,2023-11-11,34,quantile,0.65,36.87232572325719
2023-10-14,4,wk inc hosp,2023-11-11,34,quantile,0.7,45.869506695066946
2023-10-14,4,wk inc hosp,2023-11-11,34,quantile,0.75,58.472139721397184
2023-10-14,4,wk inc hosp,2023-11-11,34,quantile,0.8,80.36452864528663
2023-10-14,4,wk inc hosp,2023-11-11,34,quantile,0.85,114.72807878078775
2023-10-14,4,wk inc hosp,2023-11-11,34,quantile,0.9,152.7459864598649
2023-10-14,4,wk inc hosp,2023-11-11,34,quantile,0.95,203.59369493694874
2023-10-14,4,wk inc hosp,2023-11-11,34,quantile,0.975,267.61904994049917
2023-10-14,4,wk inc hosp,2023-11-11,34,quantile,0.99,344.4684042840389
2023-10-14,4,wk inc hosp,2023-11-11,35,quantile,0.01,0
2023-10-14,4,wk inc hosp,2023-11-11,35,quantile,0.025,0
2023-10-14,4,wk inc hosp,2023-11-11,35,quantile,0.05,0
2023-10-14,4,wk inc hosp,2023-11-11,35,quantile,0.1,0
2023-10-14,4,wk inc hosp,2023-11-11,35,quantile,0.15,0
2023-10-14,4,wk inc hosp,2023-11-11,35,quantile,0.2,0
2023-10-14,4,wk inc hosp,2023-11-11,35,quantile,0.25,0
2023-10-14,4,wk inc hosp,2023-11-11,35,quantile,0.3,0
2023-10-14,4,wk inc hosp,2023-11-11,35,quantile,0.35,0
2023-10-14,4,wk inc hosp,2023-11-11,35,quantile,0.4,0
2023-10-14,4,wk inc hosp,2023-11-11,35,quantile,0.45,2.6578570785707827
2023-10-14,4,wk inc hosp,2023-11-11,35,quantile,0.5,6
2023-10-14,4,wk inc hosp,2023-11-11,35,quantile,0.55,9.174585745857438
2023-10-14,4,wk inc hosp,2023-11-11,35,quantile,0.6,13
2023-10-14,4,wk inc hosp,2023-11-11,35,quantile,0.65,17
2023-10-14,4,wk inc hosp,2023-11-11,35,quantile,0.7,21.98775087750873
2023-10-14,4,wk inc hosp,2023-11-11,35,quantile,0.75,27.976599765997648
2023-10-14,4,wk inc hosp,2023-11-11,35,quantile,0.8,36.21300813008128
2023-10-14,4,wk inc hosp,2023-11-11,35,quantile,0.85,49.5243802438023
2023-10-14,4,wk inc hosp,2023-11-11,35,quantile,0.9,71.75873058730595
2023-10-14,4,wk inc hosp,2023-11-11,35,quantile,0.95,111.5401239012387
2023-10-14,4,wk inc hosp,2023-11-11,35,quantile,0.975,144.87928004280036
2023-10-14,4,wk inc hosp,2023-11-11,35,quantile,0.99,180.40190121901227
2023-10-14,4,wk inc hosp,2023-11-11,36,quantile,0.01,0
2023-10-14,4,wk inc hosp,2023-11-11,36,quantile,0.025,0
2023-10-14,4,wk inc hosp,2023-11-11,36,quantile,0.05,0
2023-10-14,4,wk inc hosp,2023-11-11,36,quantile,0.1,0
2023-10-14,4,wk inc hosp,2023-11-11,36,quantile,0.15,0
2023-10-14,4,wk inc hosp,2023-11-11,36,quantile,0.2,0
2023-10-14,4,wk inc hosp,2023-11-11,36,quantile,0.25,0
2023-10-14,4,wk inc hosp,2023-11-11,36,quantile,0.3,0
2023-10-14,4,wk inc hosp,2023-11-11,36,quantile,0.35,2.9582120821207427
2023-10-14,4,wk inc hosp,2023-11-11,36,quantile,0.4,14.770404704047053
2023-10-14,4,wk inc hosp,2023-11-11,36,quantile,0.45,26.154136541365375
2023-10-14,4,wk inc hosp,2023-11-11,36,quantile,0.5,37
2023-10-14,4,wk inc hosp,2023-11-11,36,quantile,0.55,48.32089620896218
2023-10-14,4,wk inc hosp,2023-11-11,36,quantile,0.6,60.733652336523335
2023-10-14,4,wk inc hosp,2023-11-11,36,quantile,0.65,75.23428934289336
2023-10-14,4,wk inc hosp,2023-11-11,36,quantile,0.7,93.21658716587159
2023-10-14,4,wk inc hosp,2023-11-11,36,quantile,0.75,119.79884548845484
2023-10-14,4,wk inc hosp,2023-11-11,36,quantile,0.8,166.26589965899686
2023-10-14,4,wk inc hosp,2023-11-11,36,quantile,0.85,228.5941419414193
2023-10-14,4,wk inc hosp,2023-11-11,36,quantile,0.9,289.5775137751383
2023-10-14,4,wk inc hosp,2023-11-11,36,quantile,0.95,412.96399463994504
2023-10-14,4,wk inc hosp,2023-11-11,36,quantile,0.975,505.75110326103
2023-10-14,4,wk inc hosp,2023-11-11,36,quantile,0.99,609.664552445525
2023-10-14,4,wk inc hosp,2023-11-11,37,quantile,0.01,0
2023-10-14,4,wk inc hosp,2023-11-11,37,quantile,0.025,0
2023-10-14,4,wk inc hosp,2023-11-11,37,quantile,0.05,0
2023-10-14,4,wk inc hosp,2023-11-11,37,quantile,0.1,0
2023-10-14,4,wk inc hosp,2023-11-11,37,quantile,0.15,0
2023-10-14,4,wk inc hosp,2023-11-11,37,quantile,0.2,0
2023-10-14,4,wk inc hosp,2023-11-11,37,quantile,0.25,0
2023-10-14,4,wk inc hosp,2023-11-11,37,quantile,0.3,8.07777377773777
2023-10-14,4,wk inc hosp,2023-11-11,37,quantile,0.35,16.69492344923448
2023-10-14,4,wk inc hosp,2023-11-11,37,quantile,0.4,23.99038490384904
2023-10-14,4,wk inc hosp,2023-11-11,37,quantile,0.45,30.5638986389864
2023-10-14,4,wk inc hosp,2023-11-11,37,quantile,0.5,37
2023-10-14,4,wk inc hosp,2023-11-11,37,quantile,0.55,43.81901669016691
2023-10-14,4,wk inc hosp,2023-11-11,37,quantile,0.6,50.98706687066871
2023-10-14,4,wk inc hosp,2023-11-11,37,quantile,0.65,58.928243782437846
2023-10-14,4,wk inc hosp,2023-11-11,37,quantile,0.7,68.57972979729797
2023-10-14,4,wk inc hosp,2023-11-11,37,quantile,0.75,80.50166751667518
2023-10-14,4,wk inc hosp,2023-11-11,37,quantile,0.8,95.42404924049245
2023-10-14,4,wk inc hosp,2023-11-11,37,quantile,0.85,113.59347693476941
2023-10-14,4,wk inc hosp,2023-11-11,37,quantile,0.9,137.01477814778153
2023-10-14,4,wk inc hosp,2023-11-11,37,quantile,0.95,186.01424414244053
2023-10-14,4,wk inc hosp,2023-11-11,37,quantile,0.975,240.31292862928584
2023-10-14,4,wk inc hosp,2023-11-11,37,quantile,0.99,287.5057656576562
2023-10-14,4,wk inc hosp,2023-11-11,38,quantile,0.01,0
2023-10-14,4,wk inc hosp,2023-11-11,38,quantile,0.025,0
2023-10-14,4,wk inc hosp,2023-11-11,38,quantile,0.05,0
2023-10-14,4,wk inc hosp,2023-11-11,38,quantile,0.1,0
2023-10-14,4,wk inc hosp,2023-11-11,38,quantile,0.15,0
2023-10-14,4,wk inc hosp,2023-11-11,38,quantile,0.2,0
2023-10-14,4,wk inc hosp,2023-11-11,38,quantile,0.25,0
2023-10-14,4,wk inc hosp,2023-11-11,38,quantile,0.3,0
2023-10-14,4,wk inc hosp,2023-11-11,38,quantile,0.35,0
2023-10-14,4,wk inc hosp,2023-11-11,38,quantile,0.4,0
2023-10-14,4,wk inc hosp,2023-11-11,38,quantile,0.45,0
2023-10-14,4,wk inc hosp,2023-11-11,38,quantile,0.5,1.900019000196096e-4
2023-10-14,4,wk inc hosp,2023-11-11,38,quantile,0.55,1.5572855728557258
2023-10-14,4,wk inc hosp,2023-11-11,38,quantile,0.6,2.5572855728557258
2023-10-14,4,wk inc hosp,2023-11-11,38,quantile,0.65,4.0713312133121224
2023-10-14,4,wk inc hosp,2023-11-11,38,quantile,0.7,5.64276842768424
2023-10-14,4,wk inc hosp,2023-11-11,38,quantile,0.75,7.906344063440622
2023-10-14,4,wk inc hosp,2023-11-11,38,quantile,0.8,10.557285572855726
2023-10-14,4,wk inc hosp,2023-11-11,38,quantile,0.85,14.520197701976999
2023-10-14,4,wk inc hosp,2023-11-11,38,quantile,0.9,20.216761167611594
2023-10-14,4,wk inc hosp,2023-11-11,38,quantile,0.95,28.685133351333384
2023-10-14,4,wk inc hosp,2023-11-11,38,quantile,0.975,34.685328353283566
2023-10-14,4,wk inc hosp,2023-11-11,38,quantile,0.99,42.557285572855726
2023-10-14,4,wk inc hosp,2023-11-11,39,quantile,0.01,0
2023-10-14,4,wk inc hosp,2023-11-11,39,quantile,0.025,0
2023-10-14,4,wk inc hosp,2023-11-11,39,quantile,0.05,0
2023-10-14,4,wk inc hosp,2023-11-11,39,quantile,0.1,0
2023-10-14,4,wk inc hosp,2023-11-11,39,quantile,0.15,0
2023-10-14,4,wk inc hosp,2023-11-11,39,quantile,0.2,0
2023-10-14,4,wk inc hosp,2023-11-11,39,quantile,0.25,0
2023-10-14,4,wk inc hosp,2023-11-11,39,quantile,0.3,0
2023-10-14,4,wk inc hosp,2023-11-11,39,quantile,0.35,0
2023-10-14,4,wk inc hosp,2023-11-11,39,quantile,0.4,6.197752977529779
2023-10-14,4,wk inc hosp,2023-11-11,39,quantile,0.45,12.14371093710939
2023-10-14,4,wk inc hosp,2023-11-11,39,quantile,0.5,18
2023-10-14,4,wk inc hosp,2023-11-11,39,quantile,0.55,23.999554995549953
2023-10-14,4,wk inc hosp,2023-11-11,39,quantile,0.6,30.88880588805888
2023-10-14,4,wk inc hosp,2023-11-11,39,quantile,0.65,38.90876058760589
2023-10-14,4,wk inc hosp,2023-11-11,39,quantile,0.7,49.21470514705142
2023-10-14,4,wk inc hosp,2023-11-11,39,quantile,0.75,64.37582875828762
2023-10-14,4,wk inc hosp,2023-11-11,39,quantile,0.8,83.6430694306943
2023-10-14,4,wk inc hosp,2023-11-11,39,quantile,0.85,107.87551825518243
2023-10-14,4,wk inc hosp,2023-11-11,39,quantile,0.9,175.2441924419244
2023-10-14,4,wk inc hosp,2023-11-11,39,quantile,0.95,275.09696096960727
2023-10-14,4,wk inc hosp,2023-11-11,39,quantile,0.975,338.98189431894247
2023-10-14,4,wk inc hosp,2023-11-11,39,quantile,0.99,402.3332831328304
2023-10-14,4,wk inc hosp,2023-11-11,40,quantile,0.01,0
2023-10-14,4,wk inc hosp,2023-11-11,40,quantile,0.025,0
2023-10-14,4,wk inc hosp,2023-11-11,40,quantile,0.05,0
2023-10-14,4,wk inc hosp,2023-11-11,40,quantile,0.1,0
2023-10-14,4,wk inc hosp,2023-11-11,40,quantile,0.15,0
2023-10-14,4,wk inc hosp,2023-11-11,40,quantile,0.2,0
2023-10-14,4,wk inc hosp,2023-11-11,40,quantile,0.25,0
2023-10-14,4,wk inc hosp,2023-11-11,40,quantile,0.3,0
2023-10-14,4,wk inc hosp,2023-11-11,40,quantile,0.35,0
2023-10-14,4,wk inc hosp,2023-11-11,40,quantile,0.4,2.398723987239894
2023-10-14,4,wk inc hosp,2023-11-11,40,quantile,0.45,8.770704207042083
2023-10-14,4,wk inc hosp,2023-11-11,40,quantile,0.5,15
2023-10-14,4,wk inc hosp,2023-11-11,40,quantile,0.55,21.458486084860844
2023-10-14,4,wk inc hosp,2023-11-11,40,quantile,0.6,28.458374583745837
2023-10-14,4,wk inc hosp,2023-11-11,40,quantile,0.65,36.59133441334421
2023-10-14,4,wk inc hosp,2023-11-11,40,quantile,0.7,47.03303533035327
2023-10-14,4,wk inc hosp,2023-11-11,40,quantile,0.75,60.82566075660755
2023-10-14,4,wk inc hosp,2023-11-11,40,quantile,0.8,79.1627676276766
2023-10-14,4,wk inc hosp,2023-11-11,40,quantile,0.85,102.6642776427764
2023-10-14,4,wk inc hosp,2023-11-11,40,quantile,0.9,144.67517175171673
2023-10-14,4,wk inc hosp,2023-11-11,40,quantile,0.95,232.1888103881032
2023-10-14,4,wk inc hosp,2023-11-11,40,quantile,0.975,301.016360413604
2023-10-14,4,wk inc hosp,2023-11-11,40,quantile,0.99,400.23986329863044
2023-10-14,4,wk inc hosp,2023-11-11,41,quantile,0.01,0
2023-10-14,4,wk inc hosp,2023-11-11,41,quantile,0.025,0
2023-10-14,4,wk inc hosp,2023-11-11,41,quantile,0.05,0
2023-10-14,4,wk inc hosp,2023-11-11,41,quantile,0.1,0
2023-10-14,4,wk inc hosp,2023-11-11,41,quantile,0.15,0
2023-10-14,4,wk inc hosp,2023-11-11,41,quantile,0.2,0
2023-10-14,4,wk inc hosp,2023-11-11,41,quantile,0.25,0
2023-10-14,4,wk inc hosp,2023-11-11,41,quantile,0.3,0
2023-10-14,4,wk inc hosp,2023-11-11,41,quantile,0.35,0.2671176711767238
2023-10-14,4,wk inc hosp,2023-11-11,41,quantile,0.4,2.267117671176724
2023-10-14,4,wk inc hosp,2023-11-11,41,quantile,0.45,4.267117671176724
2023-10-14,4,wk inc hosp,2023-11-11,41,quantile,0.5,6
2023-10-14,4,wk inc hosp,2023-11-11,41,quantile,0.55,7.742457924579251
2023-10-14,4,wk inc hosp,2023-11-11,41,quantile,0.6,10.019775197751978
2023-10-14,4,wk inc hosp,2023-11-11,41,quantile,0.65,12.40513555135555
2023-10-14,4,wk inc hosp,2023-11-11,41,quantile,0.7,16.431234312343086
2023-10-14,4,wk inc hosp,2023-11-11,41,quantile,0.75,23.445446954469578
2023-10-14,4,wk inc hosp,2023-11-11,41,quantile,0.8,38.12936429364319
2023-10-14,4,wk inc hosp,2023-11-11,41,quantile,0.85,73.60732507325031
2023-10-14,4,wk inc hosp,2023-11-11,41,quantile,0.9,118.49583095830968
2023-10-14,4,wk inc hosp,2023-11-11,41,quantile,0.95,214.20715257152582
2023-10-14,4,wk inc hosp,2023-11-11,41,quantile,0.975,252.71144536445362
2023-10-14,4,wk inc hosp,2023-11-11,41,quantile,0.99,277.740844508445
2023-10-14,4,wk inc hosp,2023-11-11,42,quantile,0.01,0
2023-10-14,4,wk inc hosp,2023-11-11,42,quantile,0.025,0
2023-10-14,4,wk inc hosp,2023-11-11,42,quantile,0.05,0
2023-10-14,4,wk inc hosp,2023-11-11,42,quantile,0.1,0
2023-10-14,4,wk inc hosp,2023-11-11,42,quantile,0.15,0
2023-10-14,4,wk inc hosp,2023-11-11,42,quantile,0.2,0
2023-10-14,4,wk inc hosp,2023-11-11,42,quantile,0.25,0
2023-10-14,4,wk inc hosp,2023-11-11,42,quantile,0.3,3.5391493914939094
2023-10-14,4,wk inc hosp,2023-11-11,42,quantile,0.35,14.336621866218657
2023-10-14,4,wk inc hosp,2023-11-11,42,quantile,0.4,23.835258352583544
2023-10-14,4,wk inc hosp,2023-11-11,42,quantile,0.45,32.622104221042235
2023-10-14,4,wk inc hosp,2023-11-11,42,quantile,0.5,41
2023-10-14,4,wk inc hosp,2023-11-11,42,quantile,0.55,49.5338658386584
2023-10-14,4,wk inc hosp,2023-11-11,42,quantile,0.6,58.88574685746855
2023-10-14,4,wk inc hosp,2023-11-11,42,quantile,0.65,69.21840268402687
2023-10-14,4,wk inc hosp,2023-11-11,42,quantile,0.7,81.47504575045754
2023-10-14,4,wk inc hosp,2023-11-11,42,quantile,0.75,97.99481744817504
2023-10-14,4,wk inc hosp,2023-11-11,42,quantile,0.8,121.01086410864112
2023-10-14,4,wk inc hosp,2023-11-11,42,quantile,0.85,160.12216922169193
2023-10-14,4,wk inc hosp,2023-11-11,42,quantile,0.9,220.8060190601911
2023-10-14,4,wk inc hosp,2023-11-11,42,quantile,0.95,348.1404364043639
2023-10-14,4,wk inc hosp,2023-11-11,42,quantile,0.975,448.2534945349438
2023-10-14,4,wk inc hosp,2023-11-11,42,quantile,0.99,578.4203811038144
2023-10-14,4,wk inc hosp,2023-11-11,44,quantile,0.01,0
2023-10-14,4,wk inc hosp,2023-11-11,44,quantile,0.025,0
2023-10-14,4,wk inc hosp,2023-11-11,44,quantile,0.05,0
2023-10-14,4,wk inc hosp,2023-11-11,44,quantile,0.1,0
2023-10-14,4,wk inc hosp,2023-11-11,44,quantile,0.15,0
2023-10-14,4,wk inc hosp,2023-11-11,44,quantile,0.2,0
2023-10-14,4,wk inc hosp,2023-11-11,44,quantile,0.25,0
2023-10-14,4,wk inc hosp,2023-11-11,44,quantile,0.3,0
2023-10-14,4,wk inc hosp,2023-11-11,44,quantile,0.35,0
2023-10-14,4,wk inc hosp,2023-11-11,44,quantile,0.4,0
2023-10-14,4,wk inc hosp,2023-11-11,44,quantile,0.45,0.7487674876748827
2023-10-14,4,wk inc hosp,2023-11-11,44,quantile,0.5,1
2023-10-14,4,wk inc hosp,2023-11-11,44,quantile,0.55,1.7487674876748827
2023-10-14,4,wk inc hosp,2023-11-11,44,quantile,0.6,2.7487674876748827
2023-10-14,4,wk inc hosp,2023-11-11,44,quantile,0.65,3.7487674876748827
2023-10-14,4,wk inc hosp,2023-11-11,44,quantile,0.7,4.748767487674883
2023-10-14,4,wk inc hosp,2023-11-11,44,quantile,0.75,5.748767487674883
2023-10-14,4,wk inc hosp,2023-11-11,44,quantile,0.8,7.706227062270639
2023-10-14,4,wk inc hosp,2023-11-11,44,quantile,0.85,10.108334083340846
2023-10-14,4,wk inc hosp,2023-11-11,44,quantile,0.9,14.113584135841402
2023-10-14,4,wk inc hosp,2023-11-11,44,quantile,0.95,22.480621306213102
2023-10-14,4,wk inc hosp,2023-11-11,44,quantile,0.975,29.394863698637028
2023-10-14,4,wk inc hosp,2023-11-11,44,quantile,0.99,34.479366393663895
2023-10-14,4,wk inc hosp,2023-11-11,45,quantile,0.01,0
2023-10-14,4,wk inc hosp,2023-11-11,45,quantile,0.025,0
2023-10-14,4,wk inc hosp,2023-11-11,45,quantile,0.05,0
2023-10-14,4,wk inc hosp,2023-11-11,45,quantile,0.1,0
2023-10-14,4,wk inc hosp,2023-11-11,45,quantile,0.15,0
2023-10-14,4,wk inc hosp,2023-11-11,45,quantile,0.2,0
2023-10-14,4,wk inc hosp,2023-11-11,45,quantile,0.25,3.020490204902046
2023-10-14,4,wk inc hosp,2023-11-11,45,quantile,0.3,7.637326373263733
2023-10-14,4,wk inc hosp,2023-11-11,45,quantile,0.35,11.637326373263733
2023-10-14,4,wk inc hosp,2023-11-11,45,quantile,0.4,15.30587305873058
2023-10-14,4,wk inc hosp,2023-11-11,45,quantile,0.45,18.637326373263733
2023-10-14,4,wk inc hosp,2023-11-11,45,quantile,0.5,22
2023-10-14,4,wk inc hosp,2023-11-11,45,quantile,0.55,25.443434434344375
2023-10-14,4,wk inc hosp,2023-11-11,45,quantile,0.6,28.744985449854504
2023-10-14,4,wk inc hosp,2023-11-11,45,quantile,0.65,32.63732637326373
2023-10-14,4,wk inc hosp,2023-11-11,45,quantile,0.7,36.63732637326373
2023-10-14,4,wk inc hosp,2023-11-11,45,quantile,0.75,41.63732637326373
2023-10-14,4,wk inc hosp,2023-11-11,45,quantile,0.8,47.63732637326373
2023-10-14,4,wk inc hosp,2023-11-11,45,quantile,0.85,56.198306483064826
2023-10-14,4,wk inc hosp,2023-11-11,45,quantile,0.9,71.23206032060335
2023-10-14,4,wk inc hosp,2023-11-11,45,quantile,0.95,99.18791687916874
2023-10-14,4,wk inc hosp,2023-11-11,45,quantile,0.975,115.50967759677607
2023-10-14,4,wk inc hosp,2023-11-11,45,quantile,0.99,133.67554825548254
2023-10-14,4,wk inc hosp,2023-11-11,46,quantile,0.01,0
2023-10-14,4,wk inc hosp,2023-11-11,46,quantile,0.025,0
2023-10-14,4,wk inc hosp,2023-11-11,46,quantile,0.05,0
2023-10-14,4,wk inc hosp,2023-11-11,46,quantile,0.1,0
2023-10-14,4,wk inc hosp,2023-11-11,46,quantile,0.15,0
2023-10-14,4,wk inc hosp,2023-11-11,46,quantile,0.2,0
2023-10-14,4,wk inc hosp,2023-11-11,46,quantile,0.25,0
2023-10-14,4,wk inc hosp,2023-11-11,46,quantile,0.3,0
2023-10-14,4,wk inc hosp,2023-11-11,46,quantile,0.35,0
2023-10-14,4,wk inc hosp,2023-11-11,46,quantile,0.4,0
2023-10-14,4,wk inc hosp,2023-11-11,46,quantile,0.45,0
2023-10-14,4,wk inc hosp,2023-11-11,46,quantile,0.5,0
2023-10-14,4,wk inc hosp,2023-11-11,46,quantile,0.55,1.5621971219712396
2023-10-14,4,wk inc hosp,2023-11-11,46,quantile,0.6,3
2023-10-14,4,wk inc hosp,2023-11-11,46,quantile,0.65,5
2023-10-14,4,wk inc hosp,2023-11-11,46,quantile,0.7,7
2023-10-14,4,wk inc hosp,2023-11-11,46,quantile,0.75,9.082330823308219
2023-10-14,4,wk inc hosp,2023-11-11,46,quantile,0.8,12
2023-10-14,4,wk inc hosp,2023-11-11,46,quantile,0.85,15.588381883818826
2023-10-14,4,wk inc hosp,2023-11-11,46,quantile,0.9,20.713508135081348
2023-10-14,4,wk inc hosp,2023-11-11,46,quantile,0.95,29.536792367923614
2023-10-14,4,wk inc hosp,2023-11-11,46,quantile,0.975,38.893161681616704
2023-10-14,4,wk inc hosp,2023-11-11,46,quantile,0.99,50.02671166711669
2023-10-14,4,wk inc hosp,2023-11-11,47,quantile,0.01,0
2023-10-14,4,wk inc hosp,2023-11-11,47,quantile,0.025,0
2023-10-14,4,wk inc hosp,2023-11-11,47,quantile,0.05,0
2023-10-14,4,wk inc hosp,2023-11-11,47,quantile,0.1,0
2023-10-14,4,wk inc hosp,2023-11-11,47,quantile,0.15,0
2023-10-14,4,wk inc hosp,2023-11-11,47,quantile,0.2,0
2023-10-14,4,wk inc hosp,2023-11-11,47,quantile,0.25,0
2023-10-14,4,wk inc hosp,2023-11-11,47,quantile,0.3,5.235826358263573
2023-10-14,4,wk inc hosp,2023-11-11,47,quantile,0.35,12
2023-10-14,4,wk inc hosp,2023-11-11,47,quantile,0.4,17.800486004860048
2023-10-14,4,wk inc hosp,2023-11-11,47,quantile,0.45,23.28648286482865
2023-10-14,4,wk inc hosp,2023-11-11,47,quantile,0.5,29
2023-10-14,4,wk inc hosp,2023-11-11,47,quantile,0.55,34.43059380593809
2023-10-14,4,wk inc hosp,2023-11-11,47,quantile,0.6,40
2023-10-14,4,wk inc hosp,2023-11-11,47,quantile,0.65,46.34860948609486
2023-10-14,4,wk inc hosp,2023-11-11,47,quantile,0.7,53.52652326523267
2023-10-14,4,wk inc hosp,2023-11-11,47,quantile,0.75,62.22158721587217
2023-10-14,4,wk inc hosp,2023-11-11,47,quantile,0.8,74.8659666596666
2023-10-14,4,wk inc hosp,2023-11-11,47,quantile,0.85,96.66366363663627
2023-10-14,4,wk inc hosp,2023-11-11,47,quantile,0.9,141.9631506315058
2023-10-14,4,wk inc hosp,2023-11-11,47,quantile,0.95,224.1391223912236
2023-10-14,4,wk inc hosp,2023-11-11,47,quantile,0.975,252.99391218912197
2023-10-14,4,wk inc hosp,2023-11-11,47,quantile,0.99,288.0606149061471
2023-10-14,4,wk inc hosp,2023-11-11,48,quantile,0.01,0
2023-10-14,4,wk inc hosp,2023-11-11,48,quantile,0.025,0
2023-10-14,4,wk inc hosp,2023-11-11,48,quantile,0.05,0
2023-10-14,4,wk inc hosp,2023-11-11,48,quantile,0.1,0
2023-10-14,4,wk inc hosp,2023-11-11,48,quantile,0.15,0
2023-10-14,4,wk inc hosp,2023-11-11,48,quantile,0.2,0
2023-10-14,4,wk inc hosp,2023-11-11,48,quantile,0.25,0
2023-10-14,4,wk inc hosp,2023-11-11,48,quantile,0.3,19.103941039410383
2023-10-14,4,wk inc hosp,2023-11-11,48,quantile,0.35,49.54714647146464
2023-10-14,4,wk inc hosp,2023-11-11,48,quantile,0.4,73.90314303143036
2023-10-14,4,wk inc hosp,2023-11-11,48,quantile,0.45,93.96121961219612
2023-10-14,4,wk inc hosp,2023-11-11,48,quantile,0.5,112
2023-10-14,4,wk inc hosp,2023-11-11,48,quantile,0.55,130.1088685886859
2023-10-14,4,wk inc hosp,2023-11-11,48,quantile,0.6,151.37843578435783
2023-10-14,4,wk inc hosp,2023-11-11,48,quantile,0.65,179.1636781367814
2023-10-14,4,wk inc hosp,2023-11-11,48,quantile,0.7,212.97817178171778
2023-10-14,4,wk inc hosp,2023-11-11,48,quantile,0.75,251.51279012790124
2023-10-14,4,wk inc hosp,2023-11-11,48,quantile,0.8,299.12165121651253
2023-10-14,4,wk inc hosp,2023-11-11,48,quantile,0.85,360.30317953179525
2023-10-14,4,wk inc hosp,2023-11-11,48,quantile,0.9,441.6633386333859
2023-10-14,4,wk inc hosp,2023-11-11,48,quantile,0.95,567.8743392433931
2023-10-14,4,wk inc hosp,2023-11-11,48,quantile,0.975,679.5533322833228
2023-10-14,4,wk inc hosp,2023-11-11,48,quantile,0.99,806.3073554735537
2023-10-14,4,wk inc hosp,2023-11-11,49,quantile,0.01,0
2023-10-14,4,wk inc hosp,2023-11-11,49,quantile,0.025,0
2023-10-14,4,wk inc hosp,2023-11-11,49,quantile,0.05,0
2023-10-14,4,wk inc hosp,2023-11-11,49,quantile,0.1,0
2023-10-14,4,wk inc hosp,2023-11-11,49,quantile,0.15,0
2023-10-14,4,wk inc hosp,2023-11-11,49,quantile,0.2,0
2023-10-14,4,wk inc hosp,2023-11-11,49,quantile,0.25,0
2023-10-14,4,wk inc hosp,2023-11-11,49,quantile,0.3,0
2023-10-14,4,wk inc hosp,2023-11-11,49,quantile,0.35,0
2023-10-14,4,wk inc hosp,2023-11-11,49,quantile,0.4,1.6510365103651026
2023-10-14,4,wk inc hosp,2023-11-11,49,quantile,0.45,2.6510365103651026
2023-10-14,4,wk inc hosp,2023-11-11,49,quantile,0.5,4
2023-10-14,4,wk inc hosp,2023-11-11,49,quantile,0.55,5.651036510365103
2023-10-14,4,wk inc hosp,2023-11-11,49,quantile,0.6,6.651036510365103
2023-10-14,4,wk inc hosp,2023-11-11,49,quantile,0.65,8.651036510365103
2023-10-14,4,wk inc hosp,2023-11-11,49,quantile,0.7,10.274042740427388
2023-10-14,4,wk inc hosp,2023-11-11,49,quantile,0.75,12.43564185641856
2023-10-14,4,wk inc hosp,2023-11-11,49,quantile,0.8,14.998219982199767
2023-10-14,4,wk inc hosp,2023-11-11,49,quantile,0.85,18.696877968779624
2023-10-14,4,wk inc hosp,2023-11-11,49,quantile,0.9,23.645549455494574
2023-10-14,4,wk inc hosp,2023-11-11,49,quantile,0.95,30.837651876518734
2023-10-14,4,wk inc hosp,2023-11-11,49,quantile,0.975,38.17861053610538
2023-10-14,4,wk inc hosp,2023-11-11,49,quantile,0.99,47.1569828698287
2023-10-14,4,wk inc hosp,2023-11-11,50,quantile,0.01,0
2023-10-14,4,wk inc hosp,2023-11-11,50,quantile,0.025,0
2023-10-14,4,wk inc hosp,2023-11-11,50,quantile,0.05,0
2023-10-14,4,wk inc hosp,2023-11-11,50,quantile,0.1,0
2023-10-14,4,wk inc hosp,2023-11-11,50,quantile,0.15,0
2023-10-14,4,wk inc hosp,2023-11-11,50,quantile,0.2,0
2023-10-14,4,wk inc hosp,2023-11-11,50,quantile,0.25,0
2023-10-14,4,wk inc hosp,2023-11-11,50,quantile,0.3,0
2023-10-14,4,wk inc hosp,2023-11-11,50,quantile,0.35,0
2023-10-14,4,wk inc hosp,2023-11-11,50,quantile,0.4,0
2023-10-14,4,wk inc hosp,2023-11-11,50,quantile,0.45,0
2023-10-14,4,wk inc hosp,2023-11-11,50,quantile,0.5,0
2023-10-14,4,wk inc hosp,2023-11-11,50,quantile,0.55,0
2023-10-14,4,wk inc hosp,2023-11-11,50,quantile,0.6,1
2023-10-14,4,wk inc hosp,2023-11-11,50,quantile,0.65,2
2023-10-14,4,wk inc hosp,2023-11-11,50,quantile,0.7,2.6703327033270097
2023-10-14,4,wk inc hosp,2023-11-11,50,quantile,0.75,3.983099830998361
2023-10-14,4,wk inc hosp,2023-11-11,50,quantile,0.8,5.365215652156525
2023-10-14,4,wk inc hosp,2023-11-11,50,quantile,0.85,8.589987399874015
2023-10-14,4,wk inc hosp,2023-11-11,50,quantile,0.9,13.138553385533879
2023-10-14,4,wk inc hosp,2023-11-11,50,quantile,0.95,20.671489214892155
2023-10-14,4,wk inc hosp,2023-11-11,50,quantile,0.975,30.100352753527538
2023-10-14,4,wk inc hosp,2023-11-11,50,quantile,0.99,36.90287932879334
2023-10-14,4,wk inc hosp,2023-11-11,51,quantile,0.01,0
2023-10-14,4,wk inc hosp,2023-11-11,51,quantile,0.025,0
2023-10-14,4,wk inc hosp,2023-11-11,51,quantile,0.05,0
2023-10-14,4,wk inc hosp,2023-11-11,51,quantile,0.1,0
2023-10-14,4,wk inc hosp,2023-11-11,51,quantile,0.15,0
2023-10-14,4,wk inc hosp,2023-11-11,51,quantile,0.2,9.756861568615705
2023-10-14,4,wk inc hosp,2023-11-11,51,quantile,0.25,20.08967339673398
2023-10-14,4,wk inc hosp,2023-11-11,51,quantile,0.3,27.817708177081784
2023-10-14,4,wk inc hosp,2023-11-11,51,quantile,0.35,34.085418354183545
2023-10-14,4,wk inc hosp,2023-11-11,51,quantile,0.4,39.817708177081784
2023-10-14,4,wk inc hosp,2023-11-11,51,quantile,0.45,44.9087985879859
2023-10-14,4,wk inc hosp,2023-11-11,51,quantile,0.5,50
2023-10-14,4,wk inc hosp,2023-11-11,51,quantile,0.55,55.03734987349874
2023-10-14,4,wk inc hosp,2023-11-11,51,quantile,0.6,60.49378893788927
2023-10-14,4,wk inc hosp,2023-11-11,51,quantile,0.65,66.34757897578976
2023-10-14,4,wk inc hosp,2023-11-11,51,quantile,0.7,72.81770817708178
2023-10-14,4,wk inc hosp,2023-11-11,51,quantile,0.75,81.2067495674957
2023-10-14,4,wk inc hosp,2023-11-11,51,quantile,0.8,93.81770817708178
2023-10-14,4,wk inc hosp,2023-11-11,51,quantile,0.85,117.2180601806018
2023-10-14,4,wk inc hosp,2023-11-11,51,quantile,0.9,147.64377743777445
2023-10-14,4,wk inc hosp,2023-11-11,51,quantile,0.95,179.42841178411783
2023-10-14,4,wk inc hosp,2023-11-11,51,quantile,0.975,201.63534235342354
2023-10-14,4,wk inc hosp,2023-11-11,51,quantile,0.99,242.95965069650686
2023-10-14,4,wk inc hosp,2023-11-11,53,quantile,0.01,0
2023-10-14,4,wk inc hosp,2023-11-11,53,quantile,0.025,0
2023-10-14,4,wk inc hosp,2023-11-11,53,quantile,0.05,0
2023-10-14,4,wk inc hosp,2023-11-11,53,quantile,0.1,0
2023-10-14,4,wk inc hosp,2023-11-11,53,quantile,0.15,0
2023-10-14,4,wk inc hosp,2023-11-11,53,quantile,0.2,0
2023-10-14,4,wk inc hosp,2023-11-11,53,quantile,0.25,0
2023-10-14,4,wk inc hosp,2023-11-11,53,quantile,0.3,0
2023-10-14,4,wk inc hosp,2023-11-11,53,quantile,0.35,0
2023-10-14,4,wk inc hosp,2023-11-11,53,quantile,0.4,0
2023-10-14,4,wk inc hosp,2023-11-11,53,quantile,0.45,0.09795597955979396
2023-10-14,4,wk inc hosp,2023-11-11,53,quantile,0.5,4
2023-10-14,4,wk inc hosp,2023-11-11,53,quantile,0.55,7.816746167461667
2023-10-14,4,wk inc hosp,2023-11-11,53,quantile,0.6,11.976018760187575
2023-10-14,4,wk inc hosp,2023-11-11,53,quantile,0.65,16.473138731387337
2023-10-14,4,wk inc hosp,2023-11-11,53,quantile,0.7,22.097955979559792
2023-10-14,4,wk inc hosp,2023-11-11,53,quantile,0.75,30.063268132681348
2023-10-14,4,wk inc hosp,2023-11-11,53,quantile,0.8,44.26181161811628
2023-10-14,4,wk inc hosp,2023-11-11,53,quantile,0.85,73.42533725337246
2023-10-14,4,wk inc hosp,2023-11-11,53,quantile,0.9,132.84704247042438
2023-10-14,4,wk inc hosp,2023-11-11,53,quantile,0.95,208.38971339713592
2023-10-14,4,wk inc hosp,2023-11-11,53,quantile,0.975,304.05958384583715
2023-10-14,4,wk inc hosp,2023-11-11,53,quantile,0.99,349.8845687456878
2023-10-14,4,wk inc hosp,2023-11-11,54,quantile,0.01,0
2023-10-14,4,wk inc hosp,2023-11-11,54,quantile,0.025,0
2023-10-14,4,wk inc hosp,2023-11-11,54,quantile,0.05,0
2023-10-14,4,wk inc hosp,2023-11-11,54,quantile,0.1,0
2023-10-14,4,wk inc hosp,2023-11-11,54,quantile,0.15,0
2023-10-14,4,wk inc hosp,2023-11-11,54,quantile,0.2,0
2023-10-14,4,wk inc hosp,2023-11-11,54,quantile,0.25,0
2023-10-14,4,wk inc hosp,2023-11-11,54,quantile,0.3,0
2023-10-14,4,wk inc hosp,2023-11-11,54,quantile,0.35,0
2023-10-14,4,wk inc hosp,2023-11-11,54,quantile,0.4,0
2023-10-14,4,wk inc hosp,2023-11-11,54,quantile,0.45,0
2023-10-14,4,wk inc hosp,2023-11-11,54,quantile,0.5,2
2023-10-14,4,wk inc hosp,2023-11-11,54,quantile,0.55,4.887493874938748
2023-10-14,4,wk inc hosp,2023-11-11,54,quantile,0.6,7.887493874938748
2023-10-14,4,wk inc hosp,2023-11-11,54,quantile,0.65,10.981951819518228
2023-10-14,4,wk inc hosp,2023-11-11,54,quantile,0.7,15.01942919429192
2023-10-14,4,wk inc hosp,2023-11-11,54,quantile,0.75,20.626243762437575
2023-10-14,4,wk inc hosp,2023-11-11,54,quantile,0.8,28.385762857628613
2023-10-14,4,wk inc hosp,2023-11-11,54,quantile,0.85,38.98124181241814
2023-10-14,4,wk inc hosp,2023-11-11,54,quantile,0.9,52.407944079440526
2023-10-14,4,wk inc hosp,2023-11-11,54,quantile,0.95,82.24042540425359
2023-10-14,4,wk inc hosp,2023-11-11,54,quantile,0.975,113.35362603626022
2023-10-14,4,wk inc hosp,2023-11-11,54,quantile,0.99,134.75754047540406
2023-10-14,4,wk inc hosp,2023-11-11,55,quantile,0.01,0
2023-10-14,4,wk inc hosp,2023-11-11,55,quantile,0.025,0
2023-10-14,4,wk inc hosp,2023-11-11,55,quantile,0.05,0
2023-10-14,4,wk inc hosp,2023-11-11,55,quantile,0.1,0
2023-10-14,4,wk inc hosp,2023-11-11,55,quantile,0.15,0
2023-10-14,4,wk inc hosp,2023-11-11,55,quantile,0.2,0
2023-10-14,4,wk inc hosp,2023-11-11,55,quantile,0.25,0
2023-10-14,4,wk inc hosp,2023-11-11,55,quantile,0.3,0
2023-10-14,4,wk inc hosp,2023-11-11,55,quantile,0.35,0
2023-10-14,4,wk inc hosp,2023-11-11,55,quantile,0.4,2.5684956849568543
2023-10-14,4,wk inc hosp,2023-11-11,55,quantile,0.45,6.4246082460824745
2023-10-14,4,wk inc hosp,2023-11-11,55,quantile,0.5,10
2023-10-14,4,wk inc hosp,2023-11-11,55,quantile,0.55,13.785484854848558
2023-10-14,4,wk inc hosp,2023-11-11,55,quantile,0.6,18.012884128841296
2023-10-14,4,wk inc hosp,2023-11-11,55,quantile,0.65,22.621970719707196
2023-10-14,4,wk inc hosp,2023-11-11,55,quantile,0.7,28.289772897728973
2023-10-14,4,wk inc hosp,2023-11-11,55,quantile,0.75,35.333798337983396
2023-10-14,4,wk inc hosp,2023-11-11,55,quantile,0.8,45.28167481674821
2023-10-14,4,wk inc hosp,2023-11-11,55,quantile,0.85,60.42247272472721
2023-10-14,4,wk inc hosp,2023-11-11,55,quantile,0.9,89.66731067310596
2023-10-14,4,wk inc hosp,2023-11-11,55,quantile,0.95,160.79881848818468
2023-10-14,4,wk inc hosp,2023-11-11,55,quantile,0.975,191.80552930529308
2023-10-14,4,wk inc hosp,2023-11-11,55,quantile,0.99,227.01122631226377
2023-10-14,4,wk inc hosp,2023-11-11,56,quantile,0.01,0
2023-10-14,4,wk inc hosp,2023-11-11,56,quantile,0.025,0
2023-10-14,4,wk inc hosp,2023-11-11,56,quantile,0.05,0
2023-10-14,4,wk inc hosp,2023-11-11,56,quantile,0.1,0
2023-10-14,4,wk inc hosp,2023-11-11,56,quantile,0.15,0
2023-10-14,4,wk inc hosp,2023-11-11,56,quantile,0.2,0
2023-10-14,4,wk inc hosp,2023-11-11,56,quantile,0.25,0.8306633066330651
2023-10-14,4,wk inc hosp,2023-11-11,56,quantile,0.3,2
2023-10-14,4,wk inc hosp,2023-11-11,56,quantile,0.35,3
2023-10-14,4,wk inc hosp,2023-11-11,56,quantile,0.4,4
2023-10-14,4,wk inc hosp,2023-11-11,56,quantile,0.45,5
2023-10-14,4,wk inc hosp,2023-11-11,56,quantile,0.5,6
2023-10-14,4,wk inc hosp,2023-11-11,56,quantile,0.55,7
2023-10-14,4,wk inc hosp,2023-11-11,56,quantile,0.6,8
2023-10-14,4,wk inc hosp,2023-11-11,56,quantile,0.65,9
2023-10-14,4,wk inc hosp,2023-11-11,56,quantile,0.7,10.239288392883928
2023-10-14,4,wk inc hosp,2023-11-11,56,quantile,0.75,12
2023-10-14,4,wk inc hosp,2023-11-11,56,quantile,0.8,14
2023-10-14,4,wk inc hosp,2023-11-11,56,quantile,0.85,17
2023-10-14,4,wk inc hosp,2023-11-11,56,quantile,0.9,22.9088030880309
2023-10-14,4,wk inc hosp,2023-11-11,56,quantile,0.95,33.79222892228917
2023-10-14,4,wk inc hosp,2023-11-11,56,quantile,0.975,40.814576645766614
2023-10-14,4,wk inc hosp,2023-11-11,56,quantile,0.99,47.47010440104419
2023-10-14,4,wk inc hosp,2023-11-11,72,quantile,0.01,22.530350403504038
2023-10-14,4,wk inc hosp,2023-11-11,72,quantile,0.025,37.88336208362084
2023-10-14,4,wk inc hosp,2023-11-11,72,quantile,0.05,51.128966289662905
2023-10-14,4,wk inc hosp,2023-11-11,72,quantile,0.1,65.64918249182492
2023-10-14,4,wk inc hosp,2023-11-11,72,quantile,0.15,75
2023-10-14,4,wk inc hosp,2023-11-11,72,quantile,0.2,81.92357123571236
2023-10-14,4,wk inc hosp,2023-11-11,72,quantile,0.25,87.46064710647107
2023-10-14,4,wk inc hosp,2023-11-11,72,quantile,0.3,92.35615156151563
2023-10-14,4,wk inc hosp,2023-11-11,72,quantile,0.35,96.97132471324713
2023-10-14,4,wk inc hosp,2023-11-11,72,quantile,0.4,101
2023-10-14,4,wk inc hosp,2023-11-11,72,quantile,0.45,105
2023-10-14,4,wk inc hosp,2023-11-11,72,quantile,0.5,109
2023-10-14,4,wk inc hosp,2023-11-11,72,quantile,0.55,113
2023-10-14,4,wk inc hosp,2023-11-11,72,quantile,0.6,117
2023-10-14,4,wk inc hosp,2023-11-11,72,quantile,0.65,121.02574125741259
2023-10-14,4,wk inc hosp,2023-11-11,72,quantile,0.7,125.7256452564525
2023-10-14,4,wk inc hosp,2023-11-11,72,quantile,0.75,130.62473374733747
2023-10-14,4,wk inc hosp,2023-11-11,72,quantile,0.8,136.2356563565636
2023-10-14,4,wk inc hosp,2023-11-11,72,quantile,0.85,143.02447974479745
2023-10-14,4,wk inc hosp,2023-11-11,72,quantile,0.9,152.26955169551707
2023-10-14,4,wk inc hosp,2023-11-11,72,quantile,0.95,166.85794657946568
2023-10-14,4,wk inc hosp,2023-11-11,72,quantile,0.975,180.30710232102297
2023-10-14,4,wk inc hosp,2023-11-11,72,quantile,0.99,195.85784447844472
2023-10-14,4,wk inc hosp,2023-11-11,US,quantile,0.01,0
2023-10-14,4,wk inc hosp,2023-11-11,US,quantile,0.025,0
2023-10-14,4,wk inc hosp,2023-11-11,US,quantile,0.05,0
2023-10-14,4,wk inc hosp,2023-11-11,US,quantile,0.1,0
2023-10-14,4,wk inc hosp,2023-11-11,US,quantile,0.15,0
2023-10-14,4,wk inc hosp,2023-11-11,US,quantile,0.2,0
2023-10-14,4,wk inc hosp,2023-11-11,US,quantile,0.25,206.1520315203158
2023-10-14,4,wk inc hosp,2023-11-11,US,quantile,0.3,494.9655566555665
2023-10-14,4,wk inc hosp,2023-11-11,US,quantile,0.35,694.1416744167436
2023-10-14,4,wk inc hosp,2023-11-11,US,quantile,0.4,852.4448424484247
2023-10-14,4,wk inc hosp,2023-11-11,US,quantile,0.45,987.64614596146
2023-10-14,4,wk inc hosp,2023-11-11,US,quantile,0.5,1116
2023-10-14,4,wk inc hosp,2023-11-11,US,quantile,0.55,1244.3720892208923
2023-10-14,4,wk inc hosp,2023-11-11,US,quantile,0.6,1385.8893148931486
2023-10-14,4,wk inc hosp,2023-11-11,US,quantile,0.65,1555.4007015070156
2023-10-14,4,wk inc hosp,2023-11-11,US,quantile,0.7,1790.381659816597
2023-10-14,4,wk inc hosp,2023-11-11,US,quantile,0.75,2206.9093840938403
2023-10-14,4,wk inc hosp,2023-11-11,US,quantile,0.8,2937.921223212233
2023-10-14,4,wk inc hosp,2023-11-11,US,quantile,0.85,3533.2597705977037
2023-10-14,4,wk inc hosp,2023-11-11,US,quantile,0.9,4570.433701337014
2023-10-14,4,wk inc hosp,2023-11-11,US,quantile,0.95,7602.282818828168
2023-10-14,4,wk inc hosp,2023-11-11,US,quantile,0.975,8801.33816263162
2023-10-14,4,wk inc hosp,2023-11-11,US,quantile,0.99,10201.822787527868
